1245338330 2659
485454288 2747
599144665 15815
1020077496 5528
1177220268 6671
381876953 18840
2050982424 3975
1754340111 15645
48006931 828
1221220046 4788
1925570412 1932
576864762 23136
1532742764 6464
28627694 14959
575708623 6014
1036802342 2156
1767063496 7334
885222630 5051
1114983523 13908
2098937005 2465
1976139810 23649
371708206 5783
636664115 18625
847805992 327
1981481826 17497
607666265 3241
60656762 16507
942222062 15262
1650287842 2164
1618366092 6757
709487021 9245
1602499155 13493
705094394 8215
1088438160 9155
66316079 8802
1449144734 20904
1168301805 9132
169096456 21651
665957817 3750
1147109424 20337
581104716 7590
533552567 8504
1755303795 21105
103041476 6374
1899976030 92
1449046932 5501
86096317 13403
1527798910 5116
1952819701 4798
267858994 1676
249610936 1883
1945350783 11678
1704787469 12394
36781530 22309
397842798 75
1163144017 17482
538860143 4400
1276681191 24214
369141507 4515
848044373 7534
2127514527 909
1925365734 7495
1770758553 15063
1402350913 1902
729540699 12565
1120727833 16029
2145596055 9631
866349592 22511
1214587004 1294
1065923757 7064
1629848162 21061
1170339419 1678
1028019497 12878
1124482394 13447
2105782218 15001
446024529 16280
660980862 6744
15415301 879
326963856 11804
684689895 16470
122462928 22474
1078022784 24111
555205225 13419
1899553981 20666
1254787874 22770
1736891807 92
1924677217 1456
189992224 12015
2099266091 21611
479920588 17276
1607026954 20533
115152324 17093
1150943252 17245
1721384259 22110
993366333 9989
1468154787 19619
128367343 23818
2015173656 11735
1839415900 7566
956852142 23224
1271407463 2066
2037595506 7215
236936948 6858
1357710630 197
1436280444 2858
328441133 15500
1501870625 11295
1299502276 8324
812351940 24273
1122773776 3227
1326456543 20369
902243794 14627
2091993170 24016
1622572640 5068
10065681 786
1252062370 9650
9306695 4283
1468641212 2807
984590217 11507
1376148576 24677
1918099198 10177
326472705 8256
1595136544 2530
781218691 23851
26648976 13821
1162880494 2674
535675094 16594
871775438 7665
1211737391 4865
235514014 23708
75875691 12542
547203353 13282
1356498854 9748
830242356 6321
725290446 15910
2129703919 2796
1458012650 18886
923131326 5846
146530728 14061
1066502601 7104
90470052 14925
1353652650 16496
690635156 16860
1487990632 9909
1208485246 20693
41601422 11338
1004722362 7362
897425350 23243
1051982181 19270
1305578036 15424
1181360793 4642
335629231 16193
375618632 1568
513249188 10405
512298862 24084
1723072103 6616
993865306 8437
1660883145 21430
1919463350 16068
1991930964 17675
955533301 12828
1025849225 18882
1557280529 9180
1046394255 3455
314655913 10770
1901554007 10265
881798486 17927
931341108 15656
1947787709 17708
1479413024 4485
162517319 6799
163267124 23023
649823842 7462
891609506 3287
1054090485 999
1760538960 21916
1831454720 16878
1074115902 23331
1603162107 21645
1512386809 14885
1342088721 4780
1896762263 12999
864009246 2005
898274635 23423
1905926840 12063
162837036 19231
73620732 20699
426689128 449
678565655 14026
1493429796 14586
1271904113 14340
1344272233 2384
695893138 4865
545344123 14876
987683992 16283
528862874 24499
903002577 5159
1378206637 17492
767173507 10206
27759627 13971
1345526190 14333
1254502100 19006
1154867391 16468
752652866 7465
861823080 1140
914490325 9942
812621719 12007
440598827 9670
1003463760 5652
371531891 20379
1235648052 434
626098897 6662
1535848763 14939
902670493 4980
57898086 19176
376823230 6006
751529306 20549
531303047 19195
416944288 12170
182557198 13360
1685921237 17652
718501646 17735
2050437538 24652
1063017824 4555
914302542 1493
931733082 21257
1605198650 15620
180687892 11579
1050866041 24685
315516827 24877
657091510 3626
1679952327 22281
753584424 20431
1463458608 7329
811845949 24818
1640155046 6243
1731719937 21554
1022120198 5915
1411089358 7350
1714455763 23314
1521430980 6036
461208753 3596
926431511 8325
2136992250 8035
1645405090 15505
1106806220 11768
631631379 6850
1679584904 629
1074238641 6771
1510071153 17565
2008313794 4237
701224091 4659
1615282808 6655
392616027 14038
377079235 13135
919524439 12416
198821401 22395
729300474 16045
394123138 3217
1327808209 23206
243769653 7119
622564799 23654
1191959308 7563
1097426084 6255
120881309 18348
1725480117 16902
527354462 15099
634715463 10582
991755219 2319
1955069600 24120
1453751927 13570
963134033 9270
332362445 12962
1374223629 17786
842452970 18080
415610220 9045
1466778421 16781
1865227659 22427
676001441 5019
1639481424 19643
1188082792 19320
1200635310 12844
1148008062 15492
1972944395 16327
1558886241 21737
102583880 11173
228440853 18538
59037936 1384
122001970 9379
1521492377 7633
1660827279 15999
778682897 13001
70646827 10484
2060380976 6367
483130716 24290
1930939055 18062
740954723 19573
275010238 12311
1860514065 19833
1077824869 12956
1394515247 8764
1123039146 9508
1530552030 21084
1268296289 16678
83507705 14664
1870725037 772
1475845596 2485
75892435 15669
1465324538 7674
871345109 1783
1212914935 10784
602102253 23033
1266480413 8393
345904217 372
2112247362 8943
1744960366 24633
1598273251 13598
921785445 21662
324373093 7358
1729716391 5330
1722770845 24988
1259340973 13681
744187810 13010
803392000 1683
681478688 17715
1731383441 17453
396577201 23882
248774070 2952
390454600 12911
16225496 13075
158358654 4074
601141765 2517
1717811638 4693
233953543 7609
1092238338 9089
840498920 1492
1268114050 15220
2144420726 17695
1555384194 22999
1726561666 9353
910582450 13830
148523289 4733
1580907103 6550
1429026395 1907
843980745 21798
1916580040 4002
1153834947 12748
245375309 8013
184498993 13605
1947347780 7780
377445130 12675
2103216487 18509
1518960225 1384
2139132000 34
1321638463 11671
633371241 7492
1490818013 18620
101721633 17668
2075624686 19557
202017587 11438
1665309141 18186
1263572539 15515
1388212409 8949
284176448 779
1506098044 7137
1149488218 1753
1175296520 5326
1828194872 3850
1797035519 2724
2051034709 11121
2120456848 20151
1394893194 4595
306402178 8226
331164940 8152
408746585 16575
32321191 24904
235131492 6902
374043721 22704
1682181284 1416
1204976646 21469
629674510 764
601840489 24539
913385005 23744
2141250288 6205
1494854748 18664
1762197271 16553
2082102933 18098
492292734 18352
1269824396 13395
636515397 17704
786099765 12716
1436227300 5767
450435848 9289
526495663 14901
462612237 4772
1743300527 23350
1787805020 21061
1034239710 640
346488016 18248
821371025 9894
653871450 3089
1784802069 2378
738554081 9061
1640996149 6878
1392843419 16960
1653176284 20409
548106399 12334
1313604455 17401
1899405569 9179
1251473214 9503
1930543003 7261
1731916459 21081
978011354 17534
1980906970 24900
1387156929 7700
992435683 18199
1218514492 24737
1053658134 4283
1327095570 15733
353549678 24233
482309380 14369
1731234403 22550
619997949 1687
843404841 10221
145772883 842
288163081 1634
692097726 21303
554717185 3260
2096624083 13696
59732377 11248
312970035 24233
1566856844 11518
1727512395 7469
1581089189 16589
186024050 10914
1906794203 23957
729124964 20809
2074411641 14669
1835040911 18440
103124979 21501
803557002 6269
1181064638 6208
351022846 12005
588167159 16526
1433733004 2743
1175629023 11669
383603570 17618
1170566834 21503
323772309 12350
1795192980 6171
883981989 7314
278032943 13901
1398213144 10717
291965943 22237
1402943347 8012
160300649 9794
315209377 6994
1892189314 14404
106284086 20447
1336907305 5413
1129559778 23901
1952738273 8873
300512848 16634
1760057536 19055
1947344452 15177
474325435 9201
1173727338 20888
114127609 19086
2111899106 10137
1329490175 84
1054677883 12021
145135449 16556
1116744771 9140
565576417 11771
981799627 14006
1082865731 20105
1802695965 11388
1526140413 7811
2037840029 9295
253805680 17763
1050959032 3911
1354943920 17739
623476565 12708
1706223047 18345
706158071 22679
223190292 15077
1614614353 14109
1662864289 22807
56313552 16366
1493621803 5094
110370852 4200
885529733 7497
1817981654 12860
1906251771 24708
1240751995 973
1469943682 7501
1948710528 14656
1613976666 17123
68722232 20613
1252375332 23684
834898373 15208
516089223 14119
1282926173 20646
1641995276 17318
1437288402 9321
141959849 1465
952607436 18507
1943930980 23803
1445959646 11118
689595290 73
1515842783 17996
580882961 18110
1260480029 10378
880684799 20227
1185811308 1751
1437377546 16869
547166712 3948
660294848 17088
1245564852 13383
1675772805 6958
165448682 23930
1661834433 5721
1729883106 1928
1460731924 8721
418693687 16953
974424186 20640
851053944 17054
1188009149 12264
354603395 21731
345067949 8595
1062687 18010
1821374639 15614
2095356545 11164
1763427873 19980
1018663253 1985
699035494 1220
1722791916 23783
1267963924 11239
1856740249 1003
34717532 10839
255673046 19713
902273426 5886
100927932 11697
1172139844 16026
661940273 276
1210231016 3164
489773027 3187
1293209217 12217
430909391 7790
874733224 13163
1549144725 8898
1073961063 15927
1894965368 18575
1848273977 14211
1158830467 3367
61041902 2928
986899964 19764
599564040 10778
1504447037 10434
148603856 19254
1763354528 10581
1010495667 10430
325142379 1085
281345631 8879
1368410598 17666
2019227574 11427
1603728710 9375
310436094 16476
1120589238 13183
679465667 18089
1439453858 14565
1986390904 19554
2144762792 11544
21968050 1531
1902291899 16376
557019551 8823
751575349 9989
156333798 24286
2054517471 17479
765428132 3987
999629470 1067
1639741471 21229
339523113 874
1747907507 19470
857354682 2919
1997749057 18485
717147089 22932
1082144260 283
1585267142 10309
514513349 17216
188295798 13209
647280710 4158
188519897 16254
1276136173 21613
982668641 3313
787726837 5598
233180315 6219
1214919588 15532
1816275449 21042
690530117 7160
1493430623 9262
50844252 8287
1777661719 1766
1830379777 1336
547924292 2314
1826976648 24455
1195263478 5686
65338841 6659
1544989012 13402
258818735 22671
914511955 24689
1714052667 15630
1245152439 10858
1128321114 8109
143300403 17555
242898994 15327
817538529 20797
238345380 22407
604902785 14734
906130020 20463
775871402 3443
1175486906 21478
952429692 4608
787585296 7506
1106694146 13237
625153680 17854
1045825691 23624
2009039620 1348
1442975859 13862
276094878 18554
908550945 20893
491270071 7413
1301291463 3627
256544198 5935
654166803 6731
1675302354 9854
752531997 23610
130714521 15040
2113219695 15656
1067730930 3014
1200284731 10404
894852438 1425
2046346430 20924
94384268 14283
251794892 14277
1931917896 12497
357051006 15937
66884139 1527
1746776537 12814
1884175010 16028
712962858 12781
2001539377 17918
1461911854 56
553116926 5097
2093256200 66
1211820684 9901
668344071 4097
1750510699 5089
342876205 21587
1855177879 9189
1003983722 21545
1349596236 21902
106709034 23294
59778548 19237
1765527775 3327
662023547 17542
526785072 2679
1137003890 4278
147113862 739
1875697291 23171
395052059 218
1967080691 8234
175757570 3180
473606975 24537
545676164 18968
1167373049 10331
1774614496 5431
1871700520 24360
2038621802 133
1533262425 14957
304595883 9965
473656378 14841
890851349 22464
1315485808 13467
1337574621 6991
1908045347 14789
589145068 17947
1142817378 9014
1623732454 12841
2039614497 8742
192279855 12254
1138489449 11988
1810199766 8428
1989182703 4060
623559386 13419
80363844 4293
451940412 19297
343242335 6619
177736009 19434
1963725389 5919
838274728 14942
1200957836 3739
849120775 1297
1546368973 10765
1612947086 20280
691163877 16284
1073656253 2465
1058462384 23855
1519449375 19292
1036040090 19202
320609041 17209
1601492967 8586
654539359 4035
130869205 398
1565535308 1070
1578598251 4670
541486084 5296
1563958151 5819
1380948496 9000
1451997334 15526
777560333 12082
2096899300 10967
1908087334 14960
138109604 18386
501590224 5711
98067376 17711
1580708211 16414
1081918152 5832
700695937 17920
486052876 16062
1275545500 2776
1216012865 4663
1623675065 6927
384795060 13917
318938557 15503
511998751 19032
151994110 5170
2066399710 21436
1631223228 23523
508195662 6373
339978743 20497
266436101 17253
633726810 9995
1482906415 24125
1906274724 23940
1771050150 12787
36152701 16411
1220377083 3990
1109310937 5575
85041963 3431
679483720 12900
1295767534 2907
409422753 3313
1862306308 20715
1618206329 16031
1599647069 1411
1457068899 13204
1073633572 4884
453717578 20146
772366746 22350
1975153472 10538
1150442889 1067
1542519119 2041
522753506 24642
1875253445 12011
978401140 24200
1898829798 4029
1471846924 13973
1085856763 6077
1435476602 3324
1117531364 19058
667890555 13529
718787027 8822
596219037 15468
439428113 15634
336190162 23195
202216805 9023
638504864 2372
1184646884 12959
503437781 11887
9748399 14025
688924028 14836
1833132362 14757
1631202000 20302
885708005 18151
2070162880 19461
1009708041 7178
771304188 2748
1385970472 10047
154077557 14932
1007932667 16904
1116452056 7993
609157295 13393
531797970 1328
1267960526 12816
1653350340 20370
2060842727 13419
108031117 11515
1250927932 4434
1119446759 24841
1310992497 1001
850922381 23958
953832653 3188
560261490 9259
810536404 23064
1198873805 11384
1020724538 14244
1526667665 21591
1094226252 10561
531402310 5459
1175143314 12407
1733799817 7337
1876659864 22918
1727518325 23540
727324089 23500
1648817453 12076
2013589992 3777
343505069 23429
1386577056 1355
1799473883 14418
458567091 1140
393199361 2848
243584224 18710
675750237 23171
1507807988 5249
172632799 21713
587007163 13705
785439606 3064
631681613 22489
805872667 9313
883118167 9888
492579985 17435
838266018 1123
1658141871 22957
416627060 20836
1476733442 14466
979976403 16658
394626712 1736
1525525942 7510
1717115476 11870
2063080249 6210
1060680328 17224
87751577 3690
1748898786 9511
1008193106 10372
2118224217 24375
815826913 11891
534173568 4281
1380245825 11104
291099035 21669
326973934 21476
1642643559 9492
255479648 506
1588053210 21607
2045952738 7225
1739844429 4634
824115023 17705
1011462259 974
995152196 3335
420177940 11658
129145335 14539
245721301 24848
937921726 17032
1263265488 12003
493295087 14666
350900394 743
327200992 8799
942698296 6168
586838195 5804
989766099 24435
820790890 17286
1428578937 12124
294416798 19079
615585401 13173
908519911 15136
2045610123 13798
726111842 19115
55960147 5803
1761143441 22085
451530629 22429
1738413327 4650
128880481 8923
1658736053 22916
1906984315 13199
285340614 4319
769383077 20385
367143814 3262
687233684 24143
821544253 4336
1903749572 11327
929878545 1600
65289497 6178
443841243 12671
1736160740 8016
1791653969 16570
1917403900 20333
684209559 66
1849065608 19650
1594052185 10771
1148845737 20643
651912199 6649
323208491 12944
403530240 20967
1548467990 1718
137813174 24733
1313580311 13701
1361706210 1588
1850792130 11219
1428915881 15232
1398949767 19148
735215038 3674
131717099 15037
55658452 14660
609576144 17058
1304302782 7004
1927012623 13498
1593226730 5689
1411897910 7742
741986509 1191
1826485636 23424
297140907 7179
393113429 18378
530504889 8749
565943684 22865
1158941828 16774
753579271 3894
2088244179 13394
1275746464 4384
811581839 9167
1444913051 19005
1049348447 340
1351161209 21584
1223241658 1717
1216827226 11495
1858359477 5048
1130564227 2210
1883507600 20261
952550073 11179
370498482 18291
394998933 8110
3693628 13591
1772602061 16927
1162092593 3973
185859738 20365
1535136721 11417
1570071965 5534
2058537026 1893
138412718 13491
1293612584 10418
738955822 6411
1805149660 473
2145005021 2548
147222522 782
636649420 22468
1933428594 13959
209389590 17666
1058638698 5813
1413816505 14056
1224949524 10620
2123171520 8437
1313196554 17936
821698808 16855
388142782 1835
1274453820 20356
1739947798 4050
1572502008 9862
1322369758 2964
92170366 9378
269693560 16024
583697701 12491
1277948354 3950
2042599163 16077
522330972 7251
1782555964 3352
1631973855 5013
484997856 17876
491389195 9323
723564321 12872
1413357835 11855
1508744121 19113
2037285152 12328
1999993598 23083
1342563874 10983
375065474 16661
1988682086 6703
808587363 22461
222511617 12492
1181155264 7561
187267129 13772
1929518579 11154
909750739 18908
1452708943 2486
2010405392 15603
284246705 3905
162045354 19104
160693155 9708
1731350025 13148
248333989 3101
608926141 11651
41051575 4515
1983593297 13923
1097930556 3027
197232220 1937
1649861850 7792
442646392 23169
1920977796 21728
1354789861 1582
356627804 19621
833690951 10781
864513021 9999
1443813413 4244
1623252216 14214
1797369945 4991
1643210922 10515
1019364598 23512
1207515278 8907
380470280 3208
209338763 7147
1334951773 19954
1047217405 18823
566361623 6236
1133064304 24411
2058526210 22222
1511206511 23718
1392011582 3987
2014179506 24552
2002978594 19012
1104588509 7898
668013704 2530
708716815 24023
1432337843 10088
1579914732 48
136158661 9731
1232574163 20356
1741957956 17950
398356649 5423
1233852652 22632
112567585 4651
656353857 13522
69858343 20645
1758845174 20602
1325642360 11893
150850093 12747
6004487 24462
1022144565 2416
327308313 1631
1298371837 12469
506453620 9356
1301581353 2567
1568011539 506
206356190 6522
1054415996 23150
1473670548 23111
438625545 12582
1282168042 3933
52156523 8968
303048727 13335
485545740 17393
1754965658 12900
2105103709 4918
587146979 21962
286658579 15048
1226288328 14359
1020672660 19677
1694921493 20613
288699127 5492
1081523012 8441
1302221396 11996
1733042279 11695
850938348 17006
1733726152 10422
766057596 10795
1971714313 20410
991803644 4104
597977452 20929
812335097 24127
1629586060 23586
1398236743 556
988710358 676
1382980051 19021
2083114387 19308
1026066440 17173
2141520202 21267
69688538 21539
1149360203 589
1213873534 558
935786685 6971
1824007157 9008
1183831459 1723
684336544 9703
574229482 7868
344731683 10294
1210448197 5790
1506338497 5730
625837967 15415
862908875 10208
776185807 15925
707799973 10212
1872068891 1914
1902080586 5700
630839077 21237
544462290 9962
1554190646 8072
2062530268 2563
1076596296 16261
1551293365 21800
1440108290 15974
912256519 20466
619538948 22917
1683268340 5775
194635896 6737
811894764 17831
174975590 4208
777194762 2871
380998121 23430
486532191 16752
1679639192 4585
2093790462 19809
482671390 15531
1018561085 1385
1161367281 19771
138217139 4569
754013123 13672
1725949935 22946
79308930 5807
292416038 10586
1962625075 21534
700421542 22928
1711152475 24848
35930967 24718
1367988562 24351
1366854966 11649
824527945 8406
586306292 10044
318516064 22843
1433081470 1001
1332209790 448
66575588 22757
786512729 14870
374934035 5267
863557384 3075
502225984 12188
358017141 22663
532015935 8158
1354281637 5033
1317909609 492
1461853711 14762
63642452 23444
1441854127 15829
905031953 12717
1687602872 15193
256601591 12309
695820369 4425
593686277 10626
1233381893 15264
1762892496 5971
318904645 24567
823897141 22760
2057076985 8406
1034395182 16166
112882459 22791
801629999 14019
1107635848 439
596986356 20708
1900550272 22146
362943922 22798
1442749332 17784
1317327278 17671
1847478877 19441
81364461 5299
1310717992 15615
1339085976 19713
2078306908 1890
1605492850 17664
1538458397 23614
561599153 18342
503130395 2284
1139472325 51
473588736 16796
1122559667 2049
1685129925 5757
1446947255 5482
918225289 4726
1244953048 19129
1284028645 4984
1372072410 6269
205964665 16649
169217134 5110
1696096906 1975
1390632806 17515
1290218699 2465
1796867912 22701
508174003 23433
1224824088 22874
1300524364 14699
165372415 14734
1793601713 3205
1561359040 10144
743651890 19653
1355742560 10967
1116331855 12079
232083963 23436
634199213 2910
1516851321 5916
1427069458 6098
1145424204 14829
647287419 23026
266278293 4552
42184354 14525
1847423711 14737
1446711939 6874
1078523186 6357
778486269 1193
494397334 6334
1408079562 20140
1315357005 12457
1238748808 18982
1670084730 24788
1121552490 13057
2078273630 15576
401262570 7522
886231612 23053
70095375 6597
195358075 10482
1041887957 22302
747274695 19486
880399924 21150
770491519 14989
1183416732 1044
674282856 7307
884764200 10416
1681319389 20223
1601509341 19550
1772938656 23773
690570952 21036
1163905424 15773
1542725827 9571
2055467412 16790
478099918 24951
1276124932 12851
1022159143 6435
1095244642 11150
1402512681 407
2100904144 6680
273115567 18226
2026187853 19693
322218641 24218
1275813470 431
565028269 1428
523471443 7242
511833219 20565
1270014834 13361
1300868325 11492
1676050287 22027
1550255326 24541
1015119604 18198
770924877 12541
553865631 6471
1375884025 11755
1251893295 8089
1517599549 8358
1152266062 8141
2042360474 19085
1621681270 3484
75396693 16001
488765658 10420
307673061 22036
74080268 12112
275950530 5461
198690682 10414
1931274881 7066
1272171519 10656
1585467109 586
99709568 15277
907328032 7286
2102250770 15274
821940887 24578
1419921167 416
703645574 9163
894827052 6720
1053499437 8844
1847780788 16368
1650211460 17979
1399419930 21341
1299819708 1882
1893536100 15207
1063854575 22472
2140521229 472
1552485085 14910
1549176818 21711
1770823540 19246
525606012 19283
1659017626 6403
973833397 7626
1785579251 24972
1166661735 5272
274048825 15205
757573949 12215
1443400691 5240
890445626 9707
1468518874 14737
1748979244 14890
1294494799 7665
968402274 10818
1149713960 1039
1475076967 16074
279916539 11450
2137808712 20457
1250463475 15945
921712853 19082
580500574 19984
736971061 3310
545648170 4421
845000339 3007
2025904104 24095
670899536 21518
835863716 15899
1015370707 22469
1389580601 5549
120670438 23269
1637228194 497
392078020 24437
814111174 4826
804896850 10119
1623282133 3019
449016196 16456
1386304962 9936
1361217096 11438
1407628457 15262
1440316206 8735
382672847 13392
727713744 9200
1733908278 652
2090651463 23384
2000072515 23125
2097720440 19833
1680094867 16618
1421417748 4387
1317504057 14481
1087024184 15925
265186795 14346
1050394516 17284
1512652343 19039
1399320132 9995
1119697398 4747
1124576364 16934
467304382 21480
2036001989 18928
1949557137 4356
1941228605 8683
34802991 11310
34715574 2382
1265014904 17066
134040871 3865
179178903 19737
1479682990 14628
368370150 8663
2094612333 20721
1264656299 20258
1462615218 23610
1591016830 4138
104157432 15621
577404333 6697
595615544 23391
2013360532 20892
1710587492 5687
196720992 21895
357379921 22371
1236576998 13406
1644960648 46
1907351656 4449
1707365677 10722
1508242906 9728
1144068295 24289
89433785 13257
1122411202 14100
1921837389 24218
1861629225 15423
881265504 19164
2034563593 1412
714849819 24555
961092307 1259
915337591 3569
784533146 21699
262462341 6831
1292737621 11894
1917226890 19764
1253074834 15891
1436375731 10444
1994463854 14591
1834367404 6987
1066712708 8125
1366771793 3921
7627238 5462
462348778 1186
525223814 10008
1957262794 3777
1529405174 15499
218750648 13465
1874424403 24894
1347115184 16005
444017688 22812
1439486509 7195
683863392 13352
1955821315 23007
622336172 17060
720156227 20049
191139137 7025
1989427497 17133
960290174 12364
1541427739 24899
513019061 20540
608450534 3501
943184076 15297
232376545 17819
37896053 2035
481616840 17156
1818390146 1425
1411810492 16819
1175510979 13509
52943635 18797
1806443029 2317
798056011 17476
481421437 17442
1272405021 21497
1026360481 10118
237015937 10137
1931685542 13180
1490647710 10817
2138555300 23151
749398084 16917
2144016181 14679
824687947 18440
24831392 4937
2029053001 87
643681836 950
503181735 10626
206317793 20713
1343908825 812
1269082323 15742
1513522062 11909
165731163 18356
103138911 12402
1559324238 7621
400419545 6607
316221564 16428
1562677923 13897
1170213108 13078
1266354999 9329
474869840 8423
1635812372 15427
1674978973 6972
1374189819 11621
1288942709 10196
311290722 20420
1335950759 5588
1438330330 1360
1944812169 19791
1379026764 16338
252591077 4648
988917945 4027
1865118399 3277
735433426 20047
583905806 20532
1266251919 22715
777743218 10068
42518013 6677
498389428 16509
1787181121 7278
2020820613 7548
1550233960 1063
395321226 19983
1669968655 3132
684411682 8876
60881443 20465
137067169 24232
310459875 12607
471343746 23547
1182407864 11968
1516188882 12201
1933474275 3099
145851935 3859
674359051 20883
1709530874 5324
1744673977 18020
1201764160 10946
873826361 4911
372467381 19915
835513814 17371
793332278 6400
35031398 8250
2079570759 9916
1749184457 9197
1835252412 12137
812366436 8341
289298956 6532
1037846297 24345
1181630294 20222
164287601 22899
1721797299 8010
1868754949 15583
20883251 23039
1906072127 2078
377936179 13250
2001939095 2460
848714093 18459
728801621 415
394460586 22583
1205959782 10660
1205721547 20466
445127164 9939
415976518 15114
1104555042 24904
971578319 12493
1870832898 12822
1438863560 4326
451828016 5327
55285705 7443
2041582616 2278
1681494163 18928
1439930642 6915
1654658144 1792
1528965570 20470
2107387283 23359
1467549380 4207
1413798100 11836
1534094883 10604
1586995958 3387
2005159511 16820
1019218703 5723
1951483485 2538
180848960 8017
590243427 13502
1639810505 15963
1076219433 12479
1519236672 10251
1134321279 23393
404643449 19717
1672605688 24718
230055953 16191
192208884 8815
1334576751 12195
679964566 8815
9061239 23267
1005044636 21086
1198589136 6474
731745539 6828
293687155 20562
330763761 20419
838499580 8740
813052575 16515
1255091942 3017
1052187550 15040
706639536 13724
848076773 23322
1805827964 15544
71078829 19396
222145394 3977
1049330426 6702
1235825688 10876
1758999814 9712
1203404505 22465
1302703262 22023
1762575061 7301
1756587183 18750
1855408849 17164
215294376 23457
288348943 12066
1027662540 442
1687759058 15200
248443429 8248
1941629610 20610
2030184516 20289
1788853553 11500
1862862043 2969
683584704 17705
640420245 5176
1988616371 544
286488418 15133
800468117 3352
1113305140 10919
243328841 14317
849098573 13315
1813448090 24709
1131091522 9944
832540653 6960
1751619526 837
1525460602 18615
1768184493 16606
129404146 3905
388834601 11345
1478129903 6439
1668183699 9144
106146060 10448
615877880 11573
2140211468 4166
662906119 2189
1372561137 19022
1962649794 13209
600712868 230
993551307 5746
1486953347 7644
123985313 10108
1198424827 24594
813866174 502
937033115 13269
1493162966 14907
1383374737 14802
1209386953 10298
1124127026 18046
1875061852 2336
1316287821 13564
777282313 1279
1019363278 9677
1861313868 5738
1187488382 1171
2128446752 21006
428573885 4995
922118297 4123
451145685 498
222057639 1029
1979985287 874
114114154 18926
920998 5757
471188565 22933
547394223 20060
2124366381 8828
1949905590 22394
1133495234 8798
1880868331 12986
362070740 15343
590581013 15141
568994981 1504
1577998466 4340
845354228 23198
8140327 14824
1414697012 17805
1482345974 7450
722305323 16087
861222300 4702
1539766211 14255
2032539686 16542
1315369799 5607
2132984306 4724
1704019162 12654
1226844386 15375
1291566897 4143
2021242822 12106
188081737 24536
47510180 2898
481495973 8053
1044245210 9575
670908481 5312
1364526161 2494
133641098 9825
2020340356 5646
971723424 11507
1733228049 2691
1363984725 24051
1697492140 4926
326984486 24283
412367187 24136
99315886 23672
423046487 1841
1428748246 23821
1249416689 1978
545322446 22863
989722111 16515
383099676 1751
2085810959 5122
2058704928 2122
254607506 18272
1974232528 23264
373664078 13491
307707701 4237
97020983 21085
1849112924 13926
2071999352 17906
499098632 21187
283288651 6089
306622474 24473
1579662419 13268
1487937623 5948
907686487 10801
557074121 13254
442791432 15573
1332145187 12324
1308538751 839
1979111590 9579
861101861 10369
1462982907 8522
1011281003 6636
1541252947 7418
1053066333 10130
1288710668 12438
693686444 23197
412808679 4415
282925751 6379
937128388 8520
1940672823 11304
1694116328 3278
428741975 10784
177364875 786
90220297 21291
265609335 23488
1523406489 11693
1693584347 5972
322467182 13209
388999970 5785
1139321932 17731
1254759873 15992
761855756 10697
1017193076 13246
1919655481 17348
2108487364 16118
611768655 22332
1302473062 15030
823574615 18781
1601259399 8383
313908261 16927
1277653267 11243
671797751 22123
2089458550 21882
2074198294 21253
1811114102 4744
148355411 20130
2081385509 9978
54134327 18264
139745825 24157
545732724 15020
2138960141 15416
1726307585 6969
3439851 14625
1788929892 10309
1687849397 16155
1641964786 24694
600869467 23149
1357072673 20588
1367698537 9841
1992200537 22146
1822990906 10280
1695159199 7348
1364612463 14414
1416711416 20462
1823788185 11918
1789028865 16640
1467615345 20237
422552022 5482
1790856110 10015
1279524639 21088
2091427422 12657
1672824604 10242
1233725718 13255
1143257770 23403
861257436 17989
132973149 4221
1531486905 5439
2120147997 18665
1376662089 5517
1555187709 23774
709740277 15428
1458334983 15998
778749960 3547
1948820967 4829
626712880 10966
692961753 18965
1193018171 12243
524629404 12389
485183712 15030
1707471829 11177
2086711424 10845
2064387460 14326
440036 24778
1618545037 11552
1136872856 9589
1323068634 14496
475318326 989
1641119673 19337
451828299 22466
1600999101 6073
591527147 7127
2044119844 16574
1238923671 12314
1077171184 12411
436548619 7397
1125283016 17012
80965828 6374
1631722294 11804
1171569842 14947
919131945 6750
1085002973 8313
1530174190 12494
975822792 13300
333313957 7647
2034973673 22880
849612856 23310
397478015 19157
820925859 627
1871084888 14606
118914248 7859
492869091 19652
1247703835 22860
1872167304 17335
1569354378 16642
422048403 14820
737860177 23136
663116206 21969
324773041 18699
70099260 2846
1516107587 981
1029806553 22437
1380944558 11578
1917234090 378
1996404810 16744
1684029676 20280
1522408119 10799
430945984 28
1586375002 16612
1395412642 16701
377736472 10618
834031718 3906
2024701331 14496
1822357387 12218
574274416 21403
1785668922 8006
1427721961 23525
50689434 10076
2082007923 9899
1123536215 729
987424970 23028
1960329514 7742
528119412 11381
508406654 9658
1214509776 17769
864408535 23657
1047252873 1217
740794027 20638
1425969005 24596
2002059858 24352
2105666535 4564
2016202773 17860
1175760660 12763
1402264976 10950
562824614 917
160805294 22118
758353407 1748
1130490101 2708
284100131 23401
1596256066 17688
1408842555 7826
1939350980 7514
479235225 12018
2029292019 1067
1042499377 19943
265149965 15855
981815538 14503
690610215 1133
1735608971 17460
9680026 18764
374172293 16980
660912707 10793
1527491502 13776
864580776 15932
515488393 10710
474289305 12314
570715786 408
960490499 24850
985289381 8254
737919390 1090
175163461 22279
1584602295 1965
884046707 22978
808162375 13392
1136414026 4665
1640754075 16699
1944394350 3135
112191421 2175
185059163 19847
987246784 11005
1964878243 24983
1607340048 18523
1648565695 5239
1678803612 16127
71187481 21559
1965849984 10649
587582670 2965
459319934 10518
1362682391 13303
1418952466 17345
526777025 5961
1833724060 17790
1406868493 17243
549319377 9529
1283953688 2161
443058170 20008
1597900711 21373
656790991 14106
762331304 5619
1526351521 21940
650267331 11657
1576927963 20751
310824303 21156
2094031821 3834
1830508868 23456
786012193 7000
486015423 1420
1828905731 17150
526317056 12011
10620768 23393
1974618076 7873
2102646463 12499
1540054665 21168
614602966 14239
108175283 18935
985632069 19215
473155627 18472
567194411 5236
61643792 12545
341259438 10557
130593919 6348
1963275218 8956
1627483200 14462
36123166 7799
99213989 3678
1193801507 5896
107898158 24603
391719421 24732
684029939 16341
26275703 15245
1970563044 7282
1737150343 12670
623355771 13905
234549022 19148
1140649510 811
1075376341 21488
930019010 10464
1694007531 9331
1215368713 12597
565253619 17733
1937081443 11808
1268902421 12200
1554441425 18461
1953969329 19623
638055800 18081
1924879308 15677
891848936 4762
341492615 16911
1439867457 18923
215688606 10649
219656589 5408
972649744 4185
1729217370 8088
1492892332 23614
454613067 1191
685672778 21449
1139962324 15088
1862416475 17016
588923267 8795
1197003268 14525
662270652 23366
1208732880 6835
1378084651 16475
1172702248 17927
861231502 12890
1931290486 21630
1967425824 9027
869209494 10114
1029509235 19629
1113857627 7495
1033164507 7536
1555609000 2853
1491278061 2247
876890508 19596
1570358737 13979
1693710809 17058
2087120032 8113
1442917289 19521
1451108706 24221
1267204731 9615
1877794671 9123
1986613853 21803
1983843084 22182
1289007465 9741
501862261 1916
2013542032 8960
1056979365 6601
1870059580 18212
997479274 3787
700860265 14235
1363179697 17242
1752860787 3419
1725715527 15012
1620860685 556
73796837 17808
1605557650 16062
467501937 21213
1125651380 11960
2046605724 16766
335025989 19717
67576251 3656
1110093306 3800
931527613 10156
1712447231 7184
2145906951 7063
871908519 14927
1391606427 22382
207575083 18053
2000663755 12068
1685965021 13206
252330119 16918
1552663922 19655
1431551503 10855
1404869410 1957
1151782577 19787
139378783 19688
1523927607 6279
30778454 19568
1294860812 9100
1264272146 19812
1178245876 5455
147079932 2858
315325907 8199
213509184 3378
1481106904 8273
1304045313 5482
1024006572 9331
377833150 2641
2047063602 23911
837599801 1102
1260093763 4174
1775697275 7992
374401021 2897
119071347 4426
906839616 12035
960670517 3675
1141716141 24472
2042670530 12865
128378991 9858
1262355533 14947
1696831450 9939
866465816 18163
845527860 23560
184515184 5046
614917328 12031
2104034174 9080
1168209980 20327
1692066030 3057
1387589816 843
1136744308 21955
1232344705 5496
2084274667 23823
1461468478 3492
935659414 1468
1047405661 11303
2030694224 7680
1487693713 13574
740687678 174
180019375 5644
1658060326 20768
1382779315 22265
1044948406 832
7995743 5102
92907817 9457
510474779 123
1916943864 2420
1764692847 16111
179366519 23906
1941163887 1325
935973939 18997
1899749365 8460
1877105272 11511
1760644749 18402
1350961284 5589
223993062 5055
378538278 21974
1005800081 9183
754281768 10282
1927492360 14652
1434764511 13159
1033977023 14448
782209078 16290
1269610119 8956
416349068 15166
917332579 15681
1218367753 22992
1522727397 6237
307654152 11683
1721036971 3347
274449941 13024
1668036480 20401
1947729440 4886
973953217 21800
844787913 12583
728771512 13999
922704923 24373
62843456 12424
785979117 2087
213949131 8525
1314926681 13222
8820268 6429
1830527600 14140
1865559020 5559
1973843001 2585
706704284 15847
1384282096 14742
243336727 6709
1598019695 18325
1570700327 2841
2018715957 12342
2031487072 20688
1353512741 4639
257298771 4715
665402636 11565
1698405090 19105
692245607 21540
1075529286 20418
434738269 15845
120641994 8616
750613588 6085
1512185853 23422
829957762 16723
1184162451 1202
1872513439 24123
192753418 10114
1544952284 21990
375009211 22074
470743520 13277
1310854140 8051
368513637 17751
1328694017 16833
1259234663 10103
32803085 24356
565254086 16160
1643610543 604
1559722373 5029
1858075506 2325
1287335027 12938
144344181 16526
385544409 6668
538274015 17574
578508995 24743
1687886033 2853
1163934286 23282
1759585017 15385
832180927 10328
80524072 12647
1783235828 18265
1122311226 4312
442327398 4429
1095317470 23053
971630391 20136
2025139370 24854
1324875059 20080
1041406223 1666
51598670 23947
829808162 19734
1038251502 21895
352308854 24256
557222289 19551
1942325379 18062
128888699 18646
1685219816 16212
1278745642 21849
2113468997 22723
2131414400 20838
1988916069 14142
329419733 3423
1751964555 6930
829183490 10006
1091548660 14829
1999247699 14217
1622357145 17411
1449552907 18211
20923354 297
2008236682 2791
449651409 13021
1136244511 1141
2141103886 17939
1275488188 19729
1503597801 23930
1122881293 1493
796650803 2216
1885477342 986
482689556 9678
1063604403 21553
1585052449 21642
554815271 22175
885334305 23266
1218871267 9846
194902359 21640
1586649308 1265
993396813 1436
1125869658 22691
166242968 4066
1223667742 2781
1315213386 13894
1551263702 4705
1982764217 21905
110747806 18547
1524137694 2149
942597096 3267
1794631185 2551
709638976 14491
1781107533 19101
250585274 13359
949309782 13710
327565700 11562
1945165567 10254
210919137 24763
2035151948 3294
1213985833 15481
2029087602 19603
1700210515 16165
324280942 6170
2048759016 812
311513918 10387
1114871643 18117
1540032536 12829
1523479901 4494
677907501 18798
65225414 6756
1100340118 11347
570179882 4899
1026101311 15552
1135998982 17880
790710715 21519
898057127 23743
726717893 5712
808722460 22167
998415345 17077
1242978542 24213
1440990384 22386
1712932813 5310
1465426577 13290
1910957693 736
356339498 9186
730713773 11907
520686142 19552
584598508 14791
1304352741 8436
1615277066 11702
2130349727 16376
476368162 7358
776532479 24559
584054133 19121
303714576 9340
539085359 330
1628292392 23480
2043628423 1347
277673279 18411
397669999 4038
1956524258 7968
464039243 16748
2091394925 21685
1485976466 17328
2053781631 5365
1436136755 15028
1075746644 4649
376917180 7325
720315700 2764
2112294704 9510
1368642861 8669
1182897710 13882
1354397718 17309
737267219 13088
2097199825 4231
1776608675 17671
149024084 21528
2090452785 4027
995628606 4694
185836619 8990
1955566082 23727
1173522894 8228
498168308 12778
1811448040 3557
978582825 9151
129109203 2715
1970954948 21214
1724099566 2035
1915101384 6254
1785038797 13318
56979134 22061
1253003000 6794
1593326753 18011
894404553 18664
2015578381 11035
1923287639 3514
1052908707 2166
379667300 1813
994302048 21699
1676377002 9859
672999793 1235
881614353 19265
1297255530 1389
1013750408 10588
1118409107 7821
1596601442 6534
67847374 18788
205103372 7756
834999554 23421
1004123730 10650
38857005 18923
1996709075 7711
180627602 14508
1890349769 22038
50740721 16513
310591301 16663
1652789264 17420
824357904 16093
1847115542 15801
1200209294 10669
759805978 15789
674173362 17794
881925840 14021
490542991 4013
1786131377 22387
719481834 11275
1062670044 17153
575418041 642
1590218955 21039
1933512895 6853
1699126605 21940
566704797 21899
433167678 8973
1420771897 7557
2040450235 2238
691337382 17118
1187827813 4509
122415708 15327
833219495 24141
378055269 18220
867102645 19933
957957212 12672
1117887700 20887
1476495107 17844
630609027 22240
533035976 11513
1734929291 8009
2076770214 15955
258912906 3652
1934281834 7418
1558524282 9579
531235166 7964
915663735 23073
364965085 4005
372708865 5866
351598405 3975
413775490 14314
1761527616 972
1004486854 2408
283042862 4270
856325682 18497
169108525 5008
358827993 17260
1717975911 2686
1166506448 8118
894845819 24048
877024309 1401
550772468 19967
1156261151 8764
829088718 10279
818147560 23078
982114480 3609
1082204457 517
834645725 9178
1840584834 14149
1379756040 7013
1622112989 3462
2023916261 6158
2029310982 12041
235346307 24228
650145371 20092
100263060 22884
339645876 18771
1737147723 17029
1391049408 1462
781618099 20391
271951620 17102
27301200 7695
93856754 21363
1466471959 22221
182121196 9757
1762637484 16569
573071749 3904
1821593554 6444
930918805 11956
944430975 17368
1681509073 24997
988587785 4577
1881380355 6035
696124833 16866
484518712 19614
1523804415 20054
406520789 6419
1284176983 778
1385939968 14638
1007070914 21191
863403550 19994
461766315 6826
867650501 13524
927464277 20273
135547471 18470
509457708 10705
956889295 19167
1191276831 22499
560809486 22788
1539270780 11666
834016477 23774
1757692809 5856
304224134 18248
1974661796 18927
1438713389 2684
1788832988 13837
1027453733 20422
1233246910 19707
490102487 12608
1483854184 13998
1364349778 24245
338797422 8839
182843713 936
171973892 18681
752179978 11308
661075161 5608
573839934 22125
2104143755 13011
1949211902 6531
2003478380 19842
1666698966 13750
1386698522 4923
1645065847 16473
295935270 4390
1728648600 24248
1671057938 7884
1438080780 15225
1630280593 929
1749345896 8341
901344924 696
689789573 20811
433680702 24726
1090749626 21592
1423317750 10251
417512459 11204
2061455527 1764
549386730 13245
768379809 1915
1915602398 24703
185493899 22629
1044980292 2518
441364655 1738
1611655878 24236
1031024053 19563
460789054 22627
737662807 18177
339326971 21138
825953829 4667
804481680 19751
1821200582 5053
555438774 8493
1872467800 3055
207196817 2975
1001042523 19005
2120278765 329
2048477522 22340
142054484 19625
456557379 13363
445911632 294
1170939053 22160
856896251 15967
994202431 21499
654431940 8121
1977034382 11376
518606826 3133
1243679673 15590
1890548448 23920
558920086 23001
1427711185 20612
604966119 10645
1771036447 14171
79975938 19455
941121212 21608
399303811 12263
1070235965 13345
1677119465 13089
2014650052 15751
242196663 662
1249299994 12627
1779571394 11824
637098771 11266
519754945 12866
1049614072 3737
772683391 22653
1077282362 17487
1482582676 3232
1611508065 12607
252039338 5959
829404127 17086
1544942950 19761
473673993 22454
1369152932 20092
1413873154 5140
843869627 11071
718615260 17711
2022657349 8202
943106158 4231
412606114 980
364346807 17530
340391574 21965
422561259 19010
864337783 17438
1968824328 22477
858299219 13540
663854773 17916
700075599 7874
83756993 22728
1331588744 8588
1605501821 19835
1970187507 14975
2124329421 667
1675860306 15758
1407556904 12323
32246526 23567
1338326679 18627
2110227430 6852
280995240 10278
1178871742 24719
1331815046 5154
1581226426 19271
1932394506 4743
1295094257 16757
1115197325 19355
1082017497 10742
586779132 11641
177169485 4550
291474648 843
1140599617 16053
2135737778 7538
562538392 15149
2145712331 18629
1269445933 5172
1351379704 21260
1037425327 19724
1996924841 23446
889897529 18596
1879830818 21534
311295868 16766
836365517 6685
1505775544 20024
1385090331 12236
965481426 23556
2137279053 16126
1829294618 14568
470443686 17553
2024087081 1868
528452943 2268
1714025494 3551
445968869 24901
1512997506 278
827471573 22099
1985758937 16412
203695426 15701
484166863 5387
285520995 23853
1379199250 20500
230719734 1468
13463452 10510
1030516560 17624
1576730583 17128
1235499965 11337
331753854 17287
201659335 8459
117276821 13968
1257870447 8366
1989544239 9270
726034418 10719
1591859859 8668
108851202 14018
294819522 21743
1518083437 8991
1211904769 9900
606686432 18252
525619283 1937
711497186 17270
2102815036 5306
1024572538 15163
919398511 5402
82696218 15248
1643991720 23432
882478174 15708
2126818513 11081
911765481 22108
112416764 7008
777429027 8573
226369019 20414
2055628661 14204
68840887 14911
761497378 4065
564051157 10878
1646039192 4796
2028061675 22403
1029768174 21877
1328932733 20509
739057646 11631
723156925 14912
1783990754 4367
2132065962 1383
1816864557 13582
1170697492 9219
516008351 20765
1310524512 14189
1747839870 13878
7402396 21419
724469455 1755
1384846358 14126
641194557 10836
1116762119 18137
2037278515 6850
777716916 16151
1507028307 6380
1532369700 15664
768342167 13146
127869110 20488
1618908498 10565
78667618 7546
539787586 6217
1620892561 23693
244927282 21335
423361679 14356
2050030366 21271
1648129710 12445
1012664193 14218
788356423 6117
447641026 18586
253145267 154
324486048 5485
2021240168 21387
353407997 5033
2059661820 3801
1563501347 23388
2039773034 14796
16711516 5178
770522786 15593
103398837 16651
520469893 15612
467057286 6423
1300250762 5027
1824556313 24543
1293344763 19995
1244933360 19713
553883360 11840
973513414 521
1413824748 10330
2107005938 6367
540338783 10354
1830655168 2638
266783670 18834
1332552353 12127
2010794822 13545
833559804 9123
1026344584 21249
1295972405 16089
305738782 16675
1579465873 11009
1111950824 1988
865627994 10267
26268079 3320
1354521812 8157
1192999060 18170
1189698032 13354
1281127479 24589
1012981358 14205
369027833 8698
452251864 6875
1843865647 11768
270557901 3916
967774037 18001
1455156031 18396
2115922513 22394
627637586 12047
417876135 15918
1393816357 8276
1456010611 7546
750910027 9231
372043727 16704
407431166 24182
2008531083 19934
383755725 4571
772192260 15611
2034550472 2278
771849864 16263
404490981 1271
791088822 12207
703453589 16054
1370323970 20272
1377937703 17997
1193212628 24181
1753164525 16179
527896357 16888
1480642267 24326
1564518477 12524
2016457884 22809
2049119151 4911
1188142489 19080
493178911 7158
1989074595 21431
117558257 9812
399108985 9544
1712174043 12275
2082115389 4472
1352410747 10596
284893865 3971
68096165 4605
1154680158 13245
1224737793 9212
1301448201 19573
1003015881 16209
1211832352 7266
1397919730 4982
482430517 11122
2020915637 16086
836620644 12296
987574815 11104
745946596 9674
1054015111 8639
1539046790 16865
603009763 6476
1727932969 2643
1974510683 3947
672145034 14830
299233411 3392
1171994174 10521
218355015 11646
1319610102 17036
922426073 11392
1033045427 15068
445423906 20566
1103577900 14005
213472687 16260
78800494 8042
1191572678 11389
1563226293 14957
464657377 614
1119164824 16004
1144901095 19928
928190605 18448
901485099 2318
1220897969 15355
1085357946 1530
667690502 6374
861988823 6953
1084242339 21225
1367192389 1156
530535694 4007
511107952 22151
48486736 15354
1270399249 2211
74916492 21229
1974535117 11020
1682584252 4454
676282244 12297
1253791589 8144
340053002 15503
892914489 18146
1674836915 7084
2046830988 4865
1265121383 3364
1449211240 18766
445199945 2125
1637018830 1025
583800313 1392
854926559 10910
614680360 664
1260720362 16178
1920898135 17215
615859796 3610
1123116341 24690
733767641 1971
2013211423 963
1034559266 23547
578695494 12025
1947419895 6118
649574987 3165
1527831913 11144
1707101418 22141
1535656939 23928
224317391 23594
525899125 4492
874454624 13526
740496497 1796
912712012 9952
1660856845 18507
1201105075 10194
1595764734 8256
1260859803 14266
2102475449 4472
1346818478 10349
2020470240 14086
1506327459 5568
1404030954 8336
470663790 13633
806894532 18374
1540888989 14625
813414190 22817
457120531 3639
1584116305 6734
1220160661 5215
1810292176 203
1053170756 11791
1107808717 16260
1086609540 6750
105065605 21566
88970205 13352
1776517632 4540
1248034801 2759
1792172733 16095
112675863 16790
1354633804 7295
407160050 18717
1778000951 14990
1884876946 5421
1344879358 17973
495303471 773
1631831819 16732
333689934 3818
334700930 6571
1991419514 15869
927964260 10412
748921711 12386
201463974 8739
57239887 9204
1862022585 19176
547212224 23640
1251658074 12385
1584764771 21957
1425292325 9098
1031624471 4551
1387367324 4653
66207473 3672
690715329 24665
253631285 22681
1830047796 8937
128727427 7335
1541156671 24058
216061503 23239
140852260 735
499011236 10436
1306233748 19827
1050702244 17058
84801098 6539
1812431126 11457
227077661 15984
1163143182 4754
1473820640 23709
2144630259 13518
924058766 9643
367080856 4277
1177864510 19695
726419666 9087
728712692 11351
1764793594 22477
1479456238 8958
1948373542 4914
1469265974 3446
1630081971 2733
1487083536 1247
1109886840 14438
92544054 18016
507611802 20344
928673114 14170
476072212 24648
370328957 11788
62205186 10474
209283179 20022
2122249941 10634
1363297240 3933
117931753 5883
1436642196 12261
436167535 20020
705730180 3350
1293759581 2178
2820829 1719
899532018 23881
1091682551 22022
838907801 17431
2142677897 4419
71248510 8975
1153185277 2485
691002617 21777
1627387238 13961
1143658946 15013
522832787 9649
290995617 5173
716023617 17735
956402931 18744
547360399 4733
720961836 15102
721464284 21415
1879062038 21245
1921382480 22079
210012203 20952
1746609917 4521
1657741456 10084
214109961 15083
1971833654 10860
1846338802 7604
1729043360 17058
834189461 7880
1727271629 22257
2007390536 7385
1817891406 8546
1386977187 2366
311610152 9640
766340234 16417
795030714 615
1215135372 21575
1497607200 21807
1732825778 24470
1324356517 12828
145081844 20847
1056021772 8375
721880624 13026
160671132 6043
1589171179 20642
402665662 7048
538256182 790
1562000967 18778
389746001 4119
1649481198 19267
1217119083 16961
68199029 17028
1794230583 14617
692437465 8880
1238398803 9018
686844485 19459
2103326000 5440
934820531 2570
1461764202 14156
236512954 5304
411803350 1522
490086202 24178
1009510105 832
626809534 6042
1203098600 7389
391935363 8408
212982534 13878
490794690 15747
994231189 16573
1261824028 15005
1035521190 6420
131924521 10417
1502387500 10259
630513546 288
1527962330 796
80039170 9406
1647452270 9708
536127302 16604
1001320029 2809
2049997965 24352
1776297309 15803
1543852641 191
565035282 6286
1705370184 17721
2090403748 5720
71840959 18501
111413410 24865
1266801698 9079
1572631365 23644
1953639988 17566
733916111 5677
881232835 497
1545654712 23576
1133873698 11756
1908494908 14490
179046513 4149
2052940387 11811
1370063093 2638
1815839263 293
2067606166 942
2062097917 6536
829858654 17967
511653551 23434
34195557 14235
1969653364 11573
630571195 17244
1226289223 4899
426341380 18018
1883608532 22001
628607856 3736
1160401133 14949
691300999 24569
1027619090 10156
1366694764 23044
1300189731 2165
290672892 10572
1241401718 8457
1450112169 17721
976858030 3974
179118741 22077
25858812 14859
2035121242 9015
1424439248 2486
620413687 21713
1191062810 4357
506840408 13738
1050890911 14782
1218764647 10122
1253854057 15862
863866623 8654
1808276649 21261
852307674 24029
1941142395 16311
772079963 19506
696093565 12735
410530025 8811
1913121359 10641
1787226398 1824
152124071 3216
304307448 70
958144814 23111
1510913905 9439
1169358232 22733
2068253422 9026
1758334444 24437
404849977 24141
1640197974 11462
502489629 6174
1470167789 4432
1076313150 438
2117297186 3889
726590182 23361
1165497568 1221
518121773 2137
128069627 23896
999001240 4932
513681782 6251
617662363 12039
1441489233 22530
1785033956 7311
246016039 11356
659991679 23094
1577200548 11519
61424406 22747
471590130 17807
1427270431 11937
121553823 9285
1833073202 9411
1209710084 18374
2077802010 21799
299111439 16079
938876729 430
1264446556 11652
1496589987 20525
155304926 18024
273888252 15745
182468686 16505
1347005858 2762
203470290 10391
201513048 10161
594184907 23293
101737574 12663
498645162 15516
1767426572 3620
1582661229 16003
1283164176 8716
1598049771 14312
1822262006 1691
7898650 22208
343233181 15806
2063707118 24373
1289498952 14214
1666890609 9315
789780938 24972
1660681578 20965
11986158 262
1860062151 23072
478649972 8714
892816276 10619
1125965031 16166
1751142331 1751
1279133088 2173
1556178427 23395
656620683 11829
445341273 9282
1764461756 2265
413297413 10638
917462345 4735
852098929 668
1116526532 10908
217768337 3331
807718594 14495
181100824 23182
1146322001 23832
1840610721 17479
159163133 17580
1969148625 17812
780260252 5686
126075668 8672
463666867 14426
86753191 14080
1596005116 19754
1223743469 7408
607011646 13444
1264341639 9949
665658879 14053
1454198577 6536
1035368088 5059
1041209882 21640
1840150106 8723
1493195756 17084
273884352 24819
1290586275 20854
354640951 22328
1653509103 5101
1808753603 3779
1870704335 5803
1956058481 9366
347247890 22657
1647769756 17606
1324864226 22400
1557700377 24752
317543394 23811
1337422575 24866
294825366 17956
1639687280 13401
501471558 19797
1540839338 15608
1884398737 17230
191077647 24498
434291294 23731
2076467356 14957
72297699 3340
261153039 22283
2083772108 15399
343827863 7275
183986063 380
1203877699 15759
1271334851 12384
489000651 23294
185611353 18276
689799718 12626
973314910 16287
310505423 3908
1250045548 5007
862603436 13367
644131959 17434
119524803 9346
825742378 24849
1349398555 12311
1659097947 6936
1035761405 10654
1242434130 2192
1966144573 10357
804989284 15154
2023223678 7606
110026302 14826
1717830180 4738
1100990031 10767
1298187120 23831
1313544037 10163
1139772982 7116
562431264 23044
613603983 9415
1546316086 15263
616047162 1804
1292930924 2394
1318964861 5463
490643588 6436
1414876474 3028
1535696298 11643
1073738514 10233
1061651845 11103
886614230 22326
1479629026 15689
1748971469 19556
1616041541 8730
2032084996 393
1339183162 6709
427257766 15768
1723105025 19033
1907051940 12021
982813744 2943
1372292598 3498
976445106 21728
956287849 21001
1381525531 17516
2839777 4
332863668 10377
2130776350 6105
742845003 3153
610625673 1506
246844730 21160
1675514285 11338
226887504 13871
1068246468 15722
715904442 9044
395535014 3426
23539691 13818
874864003 11940
542043644 11021
1109452021 14619
1146720903 16034
1615069663 18713
1984250077 1599
199483687 24419
614230031 15566
1763529388 11819
682146227 19590
1822584307 7874
1329539451 13143
26804337 20337
1413587865 13209
1589648984 24822
1245028729 13802
2003863474 1948
201808330 3518
1634014293 6249
1305033203 13402
2029321278 1862
752630012 14420
1850709379 23619
2108629305 21876
1841654107 7614
11246366 14357
1899076289 7778
1123936875 23151
416217040 8302
203504991 23625
224685913 2813
792061101 17921
1949011760 298
1449452145 19924
512408106 11190
914343336 15822
432571241 12665
853259680 23768
1151564176 3457
279331115 7543
1277141100 15055
1586718038 4763
2064910203 11318
1525490580 21549
1232670845 16382
1694901030 5506
1111531198 22624
189895974 14558
1200772842 17560
511916789 24780
1637732359 11318
498844922 15011
988350114 19255
1879804711 15578
1768592408 9355
1204144350 24383
1148926840 2617
1332281831 6421
1549286342 11282
62877235 17299
1731272781 2962
337534985 6765
925724098 12819
29579353 4118
609411562 7732
1884490104 1582
1503983406 19941
1889574451 9357
1744908896 13564
1142659023 11921
651131531 22274
1451347668 19544
284470263 2149
1950579862 2477
439820406 17764
1083912506 14855
283405226 1667
271699999 12028
2083992480 14271
1250931287 14052
1772751602 20183
2004521991 14140
1360058516 21758
704627343 22080
1150787010 1572
249038100 18264
695099545 21467
939900587 6949
309628250 10228
1701114433 12216
1328820896 4812
1345296117 3953
164042935 9838
1487218531 19508
1657689692 16416
1942476380 15487
522155294 22716
1553495717 20020
1071943646 14496
1307458897 11436
655012676 15193
1414122401 6968
1339010629 16060
1246636965 22191
15081769 2188
362365814 7031
98115159 15626
2069178295 7308
1753585768 1320
807366107 21887
119073510 15914
576866160 10357
547412445 7989
2028635309 18941
859421793 20615
1479974267 6826
608779823 7965
730418506 18304
49442990 12870
811184641 9755
1070245911 17050
1642685791 12632
1778268715 2088
1637899314 16354
803246940 11005
1090962986 14997
1971075197 22059
517168096 20656
824326810 23968
717479847 23643
838696616 24213
580377272 23044
1217851137 16980
697388534 18394
1705222458 16120
246037050 15091
1298411493 23139
2058526160 3514
1777768815 14035
2068992308 8767
966827081 20329
1160432543 12345
1242122353 19027
1164578339 17184
673218692 15391
772508476 14678
1416435127 10468
1383911440 22042
415820805 4545
1940563435 6173
553020954 17839
1681322206 18746
571672487 980
1784055092 11905
542857279 17593
2124589550 15880
1820263978 19078
1082578821 7583
1965904492 19545
277665985 8825
718086816 10961
3238679 22003
408778738 12399
802724120 9418
1313671335 23564
1285898537 22585
526543493 7713
789521538 8853
278280897 16649
968781860 20963
616750462 16775
1932269347 20429
802095659 11650
1661753328 3659
943214079 1537
533003716 22022
1029591328 17706
1444658822 21510
314383078 6007
1880952924 9883
1834040923 11058
2071978101 6770
1758711898 9931
1451743222 1388
245324339 11527
1117298984 436
1622072929 12298
360481271 18996
1707502413 24894
255960412 16376
532752098 17930
1859430789 13360
616977813 17439
1916484982 23257
1696732216 8683
70925632 15966
1804375856 18774
739502607 12219
531898719 17864
1881116346 6629
204912373 17000
404787944 5880
805715684 23080
116947412 11385
856383559 8316
1565549765 14071
80663697 14349
1474149073 22160
1078143157 13421
1654149244 20616
716887757 24874
1420267869 18912
1043781241 4200
234563781 7201
1991699786 5630
1488393159 21414
1896097304 17703
1561469081 21725
1624337154 12611
1180054963 5738
669917941 21578
1596829294 19953
974337867 10501
2116121521 24300
863438109 1426
1613022516 13345
1118453642 1119
1882350840 8790
26732084 5388
844887208 8216
12543678 4026
543643839 3782
361852708 10605
1874197401 8258
626531963 15522
294458183 3116
2095472819 6386
1133298909 23623
1655779234 11212
216044481 9754
2089221064 7095
1796066343 468
578760775 1690
1912618210 2975
1594134250 8330
964678470 19769
1917759581 13721
2075803420 6696
2108636592 22422
331181286 15898
1277657682 5686
1699278761 12972
1669824766 18944
134130213 24633
730773086 5022
2016018360 23609
625441729 23188
1035334850 14712
682573638 11796
831115909 1654
1117071039 7922
1036370477 9759
1994723906 10394
1253831442 1804
2130713572 24318
2058050908 1740
681613122 21373
1630883480 24310
1622519577 8468
1012425577 1543
1981245093 24477
1834551141 14017
1010194918 17007
1583836432 691
1022144191 23987
1278648164 13453
1029022331 11927
870165527 5970
1127750495 16774
662436807 17506
996334271 7211
1579865584 19933
1574223776 12744
1914044837 18276
1866035484 23557
1472815049 18446
2130213147 5340
430106374 9664
1353683189 14014
115212864 24201
1324756700 23380
1543862129 12039
672379417 10812
1453741756 24910
723367609 21062
1181027388 2186
1205922685 12209
1812967346 9794
116465813 8353
215439277 22239
389969789 3303
1101366570 19356
1212254087 23618
1673137721 18680
2012185692 2622
297487025 12436
1910218423 21401
2007621527 12516
1439581668 19236
1576278281 18754
167002306 13805
469469793 5072
191941276 14814
1444965094 987
293858956 22690
821049033 6825
2078591621 8949
1129518576 22241
213257343 5911
550500605 3589
591757172 14240
1029718851 10445
1453112425 14258
2093457451 21011
1532585165 13160
1317027111 15627
130623008 3163
1274146006 8899
501128154 24233
1291139998 20500
60443816 6761
517622604 168
313279479 19537
2066074000 21637
279456864 3882
1799872890 23811
1139899792 1854
829977869 2697
1211212812 18480
1557130952 12526
391276932 5148
732076457 5269
1531422889 14658
1144966528 8816
67632234 22628
1411705603 17887
1226492075 24209
750437363 16858
1038651068 17953
1158569256 1835
2069011744 6798
967261325 7080
421262234 9209
1099987578 2891
469853362 13688
1446587280 7946
867239597 533
1312937985 1447
1597619148 7238
1356152173 9396
2069823022 3526
608156380 5546
34285278 4977
1249762392 13940
286076144 18287
1311128420 10574
123139137 5207
530410830 13455
1782644022 4583
1965686010 11717
2015877896 11699
417911060 8660
1987429264 2409
1798456082 23720
242097028 12075
1309849014 3862
842356431 4939
12719594 17278
671560005 20866
1587448926 1315
149124001 23880
1555835390 17197
445697945 18869
1577246535 5213
105391133 9845
738375039 21551
1007774236 14288
808148231 23515
1141267514 20679
399618638 23173
1164699424 19292
1193197189 8477
644588432 9811
503974503 3934
1626521381 18186
1825738444 13164
2058867018 5994
2023325995 18415
2041726871 2883
1804900911 17232
316740662 1759
2128458309 5377
783670632 23746
1837608662 8404
1676489642 18364
1067225290 951
1964890758 4727
1977041015 16306
973290003 9782
663272713 23388
2037281610 3115
956951233 14548
895113727 22667
314217529 10617
1056767016 9288
1115681077 20452
1590202828 8337
127796025 10725
1406922975 9972
1167801918 21863
2055954988 19077
1166599246 800
1300424294 5226
833274498 17053
1781504353 13844
1883661089 5918
628006718 464
780545451 1904
1668424787 15808
2024486494 6065
676925205 20772
456119791 7402
1820769857 9624
1742102957 24545
7766735 16104
1398760952 5252
181673576 10238
1626279258 19616
1931179400 21954
458338829 6059
2000840506 17467
1639743299 13385
1235604239 1476
1914361605 22269
1692107825 11682
1992663341 9749
674856737 14246
319571504 11196
1927700843 21734
1972782000 19288
81935674 3879
1771916585 694
698207259 20403
2041213027 14495
1768848852 8228
672323288 14571
1409310899 20213
1143793179 8930
1491126206 1008
203302315 4396
984662698 9284
914901172 7845
1400258547 22256
881862817 21962
1250948938 24342
343899565 10455
1416552671 22337
305018587 11838
157453521 24735
920363356 1429
664499124 11827
1921749155 11804
1442031283 15037
1154429840 24191
1935759396 20756
2108825152 17513
2002046120 5896
6467994 2017
232735855 5042
1016388614 18272
544389471 9605
553704791 4622
25898358 1347
1734794057 23260
389395538 15005
6162086 5714
262722156 9411
315048043 7455
619560713 21258
975775266 12866
801676736 15128
956910594 8310
1789563641 2585
1547130945 15778
2099537223 5785
1898162391 20810
413264026 24515
789599719 10569
29568770 17233
1043660870 17712
1625290418 15388
284690907 6770
1585979849 14594
913628873 4851
1728487723 18667
1069867083 22446
1100690809 21980
1079051345 3478
1084965560 16237
829097572 18097
658934268 22645
1824862079 5067
2067301041 23256
1818814018 23800
2050116733 20484
867696199 2881
1073452515 24234
1153580324 9878
123794665 4727
2104160127 2798
812085535 18917
441339234 3363
2085901659 4356
188934689 8248
1541580486 1967
391989043 7890
1499133036 16786
864461100 24808
163815665 17629
427229065 17627
751812854 10638
627214788 618
2003819024 7750
893876670 16404
1854000352 12383
1525343276 11648
519453177 23200
1987200764 2822
914850941 2951
804050771 4791
767874470 11906
1433574131 16273
31044222 2838
1568439095 5586
1568262409 37
1115754779 441
445900808 16231
1588394078 22725
635396706 2885
1797733760 6937
228452112 8571
1143707762 1215
1565126834 7978
672292887 4818
380682411 19119
1487437368 13480
2003073472 12028
1802316025 8679
838832885 2304
933164111 16089
1076230618 13848
22782368 22470
1370745499 20473
1459715354 22122
103259721 21817
1760946675 19722
1396534789 22448
1653926008 17253
366876805 1021
1531608801 2085
15897502 5229
474006664 14681
1882518686 19910
793391771 17030
1309501862 13968
418919208 22993
144164970 24324
834646017 12164
981892951 3081
1693203605 11178
1912004628 14287
235154920 11466
1649767895 12080
1451878299 1886
1966493863 20372
596665603 23439
482282791 11451
1030176140 18323
22686284 8645
1583848336 15409
1499378664 22883
1205224018 15534
1870167063 14509
309758944 18583
1175496077 5080
300890800 22084
74928074 14445
2141418583 18055
507306634 24373
707736386 20984
87714564 2658
1171712408 8142
480368575 15704
1543510878 23178
284287849 17263
1464333828 12002
177075229 17214
541661868 10577
738315564 6107
100039045 385
251589133 24638
1440285907 7336
1536361775 23650
1346615707 9147
1837544234 16520
241687666 11929
362829361 15635
1467800135 17649
700613608 12056
64644641 24470
875065581 14400
1260039183 11316
1998693402 5116
1583745000 12881
2106766832 3635
870345100 1116
68806382 16384
217782577 7183
1511975520 20621
725598907 14056
278769436 12046
784850600 3699
449141000 10775
746487066 20840
966381627 20784
153130590 6400
2138090785 20390
682723637 20670
602611716 9471
1618512812 7442
97839906 6565
2017570564 18313
809281285 14270
427425654 5048
72983694 6314
1099520701 10774
1950628363 11153
1401591940 5555
1332643692 3361
848674374 19019
1752771267 20507
298038928 82
1313843458 12208
764289472 12540
842734568 2119
421229109 141
1740221808 22063
1506097862 13250
568773056 4826
1672843449 10351
1354993615 9036
178696673 1051
1230123579 15994
1896040435 20426
216829232 15670
2010938932 2751
1110026392 13331
1746813045 3777
1821381121 21479
477733797 13372
160335544 24239
802834082 1316
1749459964 17863
1838469408 5603
1857761006 8059
1124655972 23656
632125507 3591
361069283 17406
441396084 4740
1137638550 1037
1490900869 3533
1801516643 13032
2046154212 24642
481752650 4443
359927128 12809
398550976 13363
1367805795 23832
525308026 15256
2067682726 20025
808072529 13586
1275623185 4883
1146581910 10792
2026898996 10363
1551441684 841
72008393 23854
1292155464 13880
505910340 19384
1690542440 764
1941713995 8542
1292482059 17679
248558611 2792
802647814 8130
309882143 18896
1084769377 7945
1321266214 22933
1332095639 12340
1036332654 5472
1112918219 22447
1849166055 1914
807278273 22708
1628641948 21973
746291126 8303
585105268 500
31691393 23492
1023560357 22797
1345603964 11210
1552757465 6182
1250129577 22576
2132684460 16933
631158326 8384
1210516773 6685
1017886141 9137
536402411 12795
704817683 4720
1581855913 18542
1020045434 2559
1518976256 20248
249775465 21678
66467368 2341
1536437746 9618
1762713758 20631
1423124216 17007
159495163 10412
196735067 5560
1293737804 20274
138217730 10727
2025889625 9244
1005790380 10125
655128598 16384
914429732 6844
2020669722 24804
481143246 21653
2068563115 9903
671937475 24714
647278812 24148
642839600 7891
1331682966 21423
546388287 24524
2046553009 7692
1365540347 918
175108253 3892
1076750935 10452
1626801576 8592
599945529 13826
1584130198 2682
1396892906 17770
1124301024 24289
1745188886 15327
1955977577 20978
1331428724 3172
2042930851 16977
393549199 16667
1164589712 7825
1719520801 21628
1685091401 2573
1663018935 1616
1967122217 17441
112221070 19051
1462803404 6802
1049189335 14080
2035140668 6504
126165629 2133
885433628 5450
1154090647 5955
1245126858 8358
1658869683 13514
1370830044 20490
1536426078 13685
704204295 3585
915286600 778
411054120 13892
1690095457 24138
1504094531 19597
1500086145 19390
890759635 8803
1516616088 11513
193150563 13086
1210568949 19520
1676331610 4636
723413297 12373
1777015152 23386
777984878 5375
42641960 8436
565922963 9300
679345918 6064
1234234608 23983
98717747 14588
313019728 2387
1952401220 1548
901199141 18457
884347904 1827
917673677 15641
830821891 5012
1153102964 20046
1914139427 4062
1684700135 354
1024867054 15092
208560947 18121
1169170308 4923
1640179120 20280
106255238 17076
1631416172 23663
849676669 9185
55444127 18629
1590102504 21952
1925803123 3202
619269003 24340
1869556 7213
1517895966 18448
1963966008 12555
481090480 16732
7371391 11274
1229169424 24888
1112176109 191
216672009 20417
1281751605 9992
898067572 22981
1707491886 3676
412336685 7733
917678147 13235
1084634926 4301
1653649752 19132
1521175355 2025
1688379224 543
1206661034 15167
1093996030 21345
240523831 6872
1048806765 5565
161013451 16938
1135526340 1269
1418788476 6271
1246560595 3117
1969743433 21177
1404898533 12405
757319499 11831
1188527466 9381
263738771 9735
1748846842 22606
255157929 21982
1875206991 11686
314951455 1725
242677595 10062
837327909 12619
742940666 4655
1158289458 18284
1403158509 8753
2011219893 18834
1571864522 10753
612015768 22690
465554134 10700
1167654558 6685
676265931 4947
1193969444 20688
1231470424 8848
636039736 24729
1489891835 707
896323879 3272
1621464372 859
1310184209 20252
906790558 20065
1628835543 16620
844746202 15213
91895637 11071
399607736 14445
147617069 3318
974616337 3011
2139054348 2882
1767474228 9359
2026804399 14063
1876471969 20076
191397286 7747
884087845 9865
1355266585 13033
1735118000 3200
45921197 2317
1133492496 4925
1728038932 9323
1660921119 7640
659663585 21219
1317748515 12301
1237373316 12633
306252468 17610
220404244 2243
449096399 16441
2012399444 4835
1093037510 1853
391544540 18656
66522327 15187
1374903524 11452
813414638 6231
1777835990 16248
23140332 2662
1613364382 17925
1957797451 20310
692087086 5579
1983475816 22145
268772760 3945
1090430555 1345
219667568 13129
643051905 16509
765436957 23497
892052014 18948
1359689247 20010
360504241 23897
2032679755 15953
243715563 9485
2042632062 6144
856843848 22515
1577268524 17538
450332482 16219
1393728342 16815
1995280636 21311
1539965289 7529
862012527 10628
2080237891 22168
2085959042 7782
30911165 2021
1986825413 3026
132051173 5596
466961078 12804
721586258 2948
1120312194 11576
488560544 11711
1900858483 24107
1402962812 8984
2097102406 15139
1066370572 10687
865957140 5302
552091597 24061
788449523 4576
161922091 22869
599337225 769
980445576 5451
1591575126 91
2126687865 21159
1464979292 1764
1836146815 21329
260367401 12431
663295270 24811
1448913106 12053
778974594 10882
1761124286 14229
165973768 3569
896571663 21784
888027604 5444
2120668265 16171
543145984 14181
1675191194 5568
1417713926 5817
1714418973 15611
158566779 18223
1989680107 11472
1573538229 4294
435114340 22911
1548374838 11593
539885028 14087
1562587595 5642
938071206 117
1784381525 18243
1099831189 5210
760473317 21816
2055358248 1985
1728426425 8833
982067498 19934
108507613 18256
401541893 14257
643415285 18536
1870328116 532
1617349698 19777
1133144097 1273
356500678 23526
239319806 2475
1529823445 3939
1608966449 5329
1162360085 8633
50905595 18453
1261815944 10070
992984051 4743
752213438 16263
1639400694 11312
1298626025 2755
1228546468 6194
650824056 15594
441141008 15217
137545409 16368
554703587 3678
642631539 24723
1519354013 2490
79799890 12696
313743219 18127
789426868 20334
112103631 10867
628549246 14474
1653072544 9362
900174966 20594
1970997130 10865
1210748388 23323
1477617053 21216
906952566 10273
1666037003 23447
443799542 7129
1677477011 3513
274525516 9120
155263581 9125
774795205 11295
669143242 17841
1586380040 24231
537454954 594
1856955784 17546
244963111 19558
1047203124 19706
2031491612 19782
9786679 12737
630062491 14760
135651459 13501
35784764 21562
1415859662 19043
450712200 12499
624931763 19279
1508548072 5412
74896593 7599
1808511684 9290
807903950 2665
200485845 15796
321715667 13479
1367524304 14017
150713897 3704
691110892 2332
505792976 14503
1793810289 5583
1391415318 4307
1233417250 4907
431897534 24147
639881804 8773
1159048363 4088
1667871371 13950
1256817515 24360
551919612 12410
1395440592 1918
654195248 23561
653271959 18822
12765856 12804
1931853688 13198
647096801 6377
1405566001 6585
403893395 1758
109433324 22828
2111771232 22462
1199613399 10587
1278379336 22486
1779293821 14921
699123036 13658
1397613910 23933
801841304 19129
110335204 22059
565142559 24861
1828648338 10607
1409455339 11077
891121712 24975
1079720623 8812
1119270249 24049
2040827150 6684
233502864 8552
1058738557 15882
1838374338 5656
979359374 4807
1815050551 14296
673381217 10125
1649055617 23278
194291042 6736
1386418406 12213
284089980 6605
1413029012 5373
1204311388 5098
1446643289 16612
1279643596 16050
1590293114 255
523147151 13976
272977909 14757
381888889 14653
61459419 19149
244137349 24782
1874336952 23013
25453209 7740
490137920 24135
693316305 13711
1960375265 15669
1472437935 18881
911002306 9830
1283489158 11938
1911255622 1547
1973632358 14976
502777667 22300
316781053 23179
1993789892 15433
1450595090 10226
183620669 18324
1888748492 2619
1471284569 397
688044605 22171
593914 9913
455876483 4630
1863311052 4115
1233527184 6161
1580064109 15424
2083697487 13020
597367622 8707
1965476618 14899
808993775 1682
1614835780 615
723603758 24929
2038235721 2358
1723870143 9260
335971641 8636
724435662 14122
1359707426 9619
800926538 19588
1587305766 24687
965461230 4948
831348768 21759
930344172 6141
209573077 5526
988785382 1075
285541459 19011
133387881 13250
1355890924 19493
1814065208 13755
301724378 5208
766702800 6570
784230691 11586
1593544615 18405
1007974954 17876
612957169 18211
1939376681 22915
711729049 19492
138605689 11802
2068107182 15732
1453781090 20025
872183383 8193
1815008542 643
772088673 6415
1155720320 1590
503059675 16133
361496011 2646
2030265291 15689
863961165 5293
85070616 10873
1318733028 6187
341194935 11106
1330670580 12544
1054435662 3633
1066938686 8710
1484082220 24669
2053442849 19920
1109494544 21908
1180737865 12588
170875853 2820
1377475079 3490
1534786357 24620
473209378 23339
708477954 6875
383241785 22425
1572890712 15057
592276077 5086
1619860339 15471
542108393 10094
1261551529 14878
1258141635 24249
1279839040 24145
1073147950 19705
1340227991 22047
5822719 2508
1572693043 9901
1381689077 1391
1234152262 20088
1386612642 902
1702953906 6258
1030349915 3130
1147841060 17659
656494459 6697
2026577454 18642
2114395353 21672
132058644 19361
109175837 8353
624175955 18769
544393451 2954
1697086623 9759
363935444 580
1138558138 22306
1274849668 495
1439527186 18953
2125460230 1783
882732276 20299
636709041 24443
935938628 20307
591552541 15402
1344550530 14828
2003872249 4913
496439126 4819
2069186107 5222
1657184844 14820
1280053680 18522
1490188397 20354
1362886963 3249
1575296140 22706
31032507 21455
1078847745 21087
1854086240 17772
249241342 13052
1031320019 15533
1937131040 15276
572266729 19759
1567359018 24670
1281288967 10490
1429257433 18865
1700390883 21574
1901735198 11045
1677923222 6061
1561517637 6425
430690992 3873
431264801 11617
1810551864 20652
2124257869 7035
641967968 16199
2095154474 19424
779189387 22881
1742577245 8694
1202457475 1046
1700090901 22050
1644225483 24522
748920325 4806
1692401183 6404
366445236 10802
532060171 6808
498402773 23010
1176972154 17389
1816305961 19248
1174852526 4689
396572796 11028
1769307409 5113
998641768 13781
990707358 10983
59865805 5628
1629726259 560
1127210432 4251
1271567250 8657
940261207 16240
446844887 13064
549130041 6057
1083126813 7930
1701671332 24166
1437982732 12671
1676689684 5777
1039425903 9376
491930161 17953
1490245915 6341
918237433 91
1118458131 4126
473813611 5687
739114500 14136
1732889837 14905
471029889 12017
1283101217 12574
2092262541 9926
1891198787 11835
1399756806 15782
878516562 2999
2033496367 703
607377734 17260
621520468 5802
1648696843 22467
389987441 8766
1619333155 4669
1687102307 5840
273916695 3189
1262210930 14927
1071392921 5939
164228778 22132
2039956689 14347
919859749 12135
182902623 24723
804404341 18394
1932785814 13634
1673820936 15557
1783621071 3836
343429188 475
124229985 20444
2050151944 23385
418620496 21578
1495568633 17642
98019320 9083
568582881 21048
850953610 23474
66633676 3156
320128294 13271
1306207543 21319
730610457 13410
1693742406 2121
981838764 15038
1326872123 24770
1632621925 4640
1367323730 14237
1896989357 4089
726675918 18366
1994061872 11783
1775005777 18775
1910584421 20522
1058223379 24226
224278067 2861
1893621266 4894
155608331 23048
210397078 3787
1893932619 23227
637487027 22954
1838386881 5912
41802360 7677
905337531 20375
1782385606 3182
1050042488 10321
414286519 8277
736543391 6096
1671306216 14969
1963605484 14606
1041045668 7939
641550924 24679
1564659889 145
466637623 2734
78223597 8333
634939920 10165
1779200052 11639
784894709 9862
1454563170 14388
1057113843 6104
1221181983 17455
1223880076 20500
815035585 3343
1913680278 12665
2009498299 432
376026776 7740
1533480510 4574
1871170173 19478
1770561346 21792
1523014448 7305
1101505032 6645
1927879838 12602
597434991 11189
726233096 11561
37491819 9569
1503011580 5544
368740271 17621
2057191045 13156
1143214301 6834
448705424 13821
1723844284 16496
1028415420 14581
963060141 4821
296777856 17006
781088336 22615
8945744 10703
1831817324 21812
75677039 1451
1596486473 17128
1927249348 1523
29632443 15863
1834353033 19641
285111254 22589
402150223 182
30789904 24331
847389718 9253
173416861 3533
1786215927 18248
1969305478 7226
383907894 16290
1660117762 11571
860520324 21816
1274875403 9602
71477243 23474
1244883063 19138
1080385821 21651
781353710 1429
387820933 7784
17560888 8729
186105935 8069
1041851677 9049
1795915044 24322
835723440 18095
1285809692 6011
2013950461 3848
2005069322 24796
661386156 1802
39152689 22046
1236012119 10205
1079491093 7534
1647058618 18393
1244521460 20210
1281517794 18378
1602099678 21291
2136536010 12892
666759266 20640
1203339488 16587
1119851507 5496
1372405288 11446
10775689 24601
1619873345 11170
1022887639 5012
761953222 24168
335181894 15082
1762601493 17162
1322312379 2766
1678689202 7470
56851321 21690
489526225 17598
793037142 1094
1556895038 14344
1170113481 4739
486068063 2111
472067729 24305
723514847 20423
476705416 4002
248580571 12177
1637625298 2681
1401026106 16847
1916858761 614
1665254333 4209
1087304892 203
922567599 21897
990035337 8343
970650141 9945
1653320837 51
291970426 7060
56311474 21358
877261575 18308
2064004034 4110
46215044 6285
1106871170 22678
37756154 23100
2029237516 20837
572969436 1854
1173740232 1051
1751938479 5974
1014794126 19511
1424762392 13534
572137176 5900
1474699410 8521
254109716 3177
1586407878 4872
1617633326 9335
323426585 18154
632766659 19517
309767611 23631
1710889423 7889
800090663 22891
2116220896 14268
1406971741 7362
1073835656 24161
561344877 10978
1100874076 654
373728378 6874
117094021 22971
1884268571 1199
607621044 15341
1712349941 22313
146645173 13063
808453982 509
2146631794 19209
1355948373 23761
1346551968 1559
1886684958 5486
295816804 5472
1010831176 18632
1167475297 20645
1927877398 3187
1348807189 7878
1135432164 184
309639984 9002
399977581 20467
1905187257 11214
446842689 4870
328273585 7343
541035980 24583
2120604136 18948
1896615493 1778
1182011543 21313
2037473657 8484
344752125 6573
1086761431 10997
1475857563 4746
614236239 12474
1343617031 20992
1514825067 23480
910218862 5290
1061771160 19340
1206155105 13871
2013519534 23396
1617878857 18406
1460308180 23840
1073963512 841
1751537557 260
1255604583 10557
1447585160 11808
434552371 4253
1018923716 17289
1323528080 21829
2091532941 2041
1485086246 5753
1468796742 21667
30695391 319
651266380 8861
1539060455 14200
455981047 10612
1107654324 13760
1060897891 19703
1270802427 23190
1154761539 22405
753560497 5130
630772399 24154
1688335011 1240
997159193 3423
1921960469 24846
1861891742 7336
946786626 19455
930017729 5082
1128481456 19304
896669304 3003
1737249909 20674
1150802665 23338
2095892042 20965
183937961 20275
747844825 6639
2050827363 8662
687607232 15929
1424380720 4328
613049387 4179
575580638 18760
1761922613 1894
1511679764 6736
279394771 9571
1789848828 20297
1362761661 14739
1456156929 269
1042318165 2530
1659590301 12349
847669078 8862
1789635086 3035
549125035 20510
1824333915 1674
951800857 7692
1719023727 11809
1480988388 7707
1205002195 20297
133433526 18524
818029912 3584
946811405 9817
460444157 23006
950089936 21682
2131052002 14254
979397685 19498
1790901294 1778
993099458 10343
816354979 20033
552249921 12797
64462642 10669
1158778069 3370
67920535 790
2000692284 15790
1639321573 12773
1397433237 19929
1907813432 1738
329725171 11840
473464780 2885
50686509 2967
452308900 22881
1075596174 21042
168800420 14868
2057357117 4563
203548518 11330
1225715313 20545
59071486 8329
1348210414 18666
1817747535 11101
670428061 10830
1299178194 8996
197512126 7393
540271358 23353
1354423999 13369
536145025 21371
1702187052 516
534026952 14756
2030885103 18304
374720958 11735
486216170 5806
1522184912 4910
711485943 24938
655789574 15809
321379745 17142
918846372 7973
1696597730 20421
435498816 22015
1938358452 19684
569189410 2267
382064869 4406
34548229 22924
1522080698 13292
198783187 18329
1552894598 18012
1685895481 8604
320085487 5196
677786942 13811
1933512092 23167
15129519 4521
640093609 23910
382732008 19320
1196942596 746
1389199912 932
1195859249 4955
1209620294 15693
172171680 846
346203391 12270
1737114091 633
67725999 20104
509165859 7575
2141992989 19409
1897442762 24950
607148275 12655
2077606820 24220
1806548966 3294
582121447 20757
1121545065 19056
861543029 23240
1313233401 22667
1192386284 15738
400061521 12782
1575785175 12323
1236357103 5839
298071089 14262
872916024 623
1165824022 1170
1281956414 22814
553931524 16260
2137833805 23007
961197474 55
1481703721 16266
2141205885 5500
1710466054 3864
139213540 3797
1432781134 8922
264505440 7920
1791373394 14034
2019348215 2519
1339866633 24970
355245150 20339
755748905 15955
2022812402 17534
1086176943 19380
953868649 22766
1379969045 11030
411191666 12976
1902783235 24823
1746381122 6630
1999328123 10559
1214493999 6336
7517252 7911
1900128237 22923
581313191 10207
1470650845 10092
2018539513 18979
586773807 23853
1677570282 20791
1351515429 11209
263531858 7900
30652106 2943
1359615428 24567
1348610234 9281
1117659114 6138
466063282 2519
894268088 21421
1141781487 1778
2145025489 5138
1588833770 10934
1759463540 14311
712331357 19400
587048072 4602
1067145180 11983
909148146 5501
1427946065 7346
1936178876 13271
2074258328 13263
2113332639 21819
76327570 2659
1360987494 2914
266895190 24291
1314090958 19685
407984644 2852
640122298 9897
444277032 1777
1775181419 2052
973035866 4014
69926111 10780
811114409 10219
633784521 9224
2055363832 23711
659664564 872
1155101340 13625
1931436389 20968
2058599742 17638
609986722 23804
729723252 5201
1710908684 20702
610384155 18847
2070392386 13093
233208029 16775
289998332 16316
1311504019 1847
513657260 8
9144095 23731
2114373082 9324
2066745138 14742
1381227440 861
1423077439 4425
1535723704 24176
368413069 21059
958660804 18013
338334293 22598
491477302 5751
1114542305 1028
170945775 11819
2059472676 1338
522464698 14053
59690505 9721
801267282 10091
110420774 24848
1490995068 2613
1956476835 13041
1191051178 15929
1485134840 1351
1760416560 23157
569766635 20673
540232558 19128
2032010503 8228
10295884 4899
1922142480 24953
1859399643 2811
424427852 1040
552606765 2724
2084697078 11128
1194910365 16121
676317781 18614
140054508 2244
581683746 18652
1274240390 13519
1013639447 16017
90847239 7045
631386419 8100
1726425054 23752
1650264060 17894
768836233 6800
1798726674 23296
1840518320 23482
577466889 12813
1944743576 12553
1196345596 17333
1998863523 4502
1091450992 5937
1159423636 7568
677055115 24594
1320129511 19585
255865581 16274
1572564837 11660
992371658 15746
100246252 13784
1805375572 23497
661485636 4718
1332491943 7433
1476034003 12402
1459124120 13908
96825566 2972
1353733457 17137
422479252 9732
753609120 21536
1021366107 19327
906310770 8307
1483570511 8220
1023292375 7915
848751597 2476
1729782086 10967
1858196836 22889
1096351378 2536
1655255217 20173
918537892 16203
169407256 23527
49744928 24354
740527684 13941
1227657347 10521
535061091 12114
