811300604 2421
552848530 15468
1485462350 1369
69198046 24586
794568234 22708
214120638 10236
774542604 13982
488689440 13200
1398322961 20156
283822162 5685
1113290903 1496
1440357478 2788
944530254 20069
1987582207 1956
1790220083 14521
568010389 21596
612295569 3464
97675954 13799
1060889659 17764
1862012111 11150
1413189184 4873
2090943003 23627
1219750207 22728
2115336478 22882
288371732 15819
176826358 10538
1983070069 1495
1602861304 4144
1612048571 541
934518477 18503
1167018651 23934
1626941622 4162
669805691 18543
332572051 15552
1364847224 1408
546030004 18959
1075835510 11006
1589368375 15955
921570621 1571
994181176 23341
828656266 15964
603184575 655
17803037 19310
1624617621 15481
1622815317 24700
239151910 5925
1825561574 10688
1164475499 13181
43275260 22557
90700184 18369
44027957 3494
1931268536 12048
1614316304 22795
1967960675 3958
1143374475 246
377950732 14689
944817673 16686
2125773101 6925
1020913018 1439
1035863781 22889
1023828702 17307
963257466 1076
205954123 299
222835079 13403
1459950896 19965
688926837 7607
362313606 20746
1998069284 1747
1891380089 13834
1645332362 23313
1386083846 17735
63589534 3671
1321259414 5126
1575128532 21974
449951363 15398
33315876 1690
111686929 4933
244459375 17657
935932090 3490
832300903 5987
1847893130 14054
883388338 4814
1068969881 9455
1684972372 6812
1598016111 23516
2108761610 4114
374473137 23775
1114973402 22267
1782090832 10185
1147661276 20399
788037358 23040
389421582 1046
1336157603 20453
309050029 7384
1797486780 12640
1104999128 22743
1765489462 15551
490037926 344
2104507185 24396
1185220747 7810
1192475265 16894
40984965 23883
1727253484 23349
1404062362 1691
595747690 20321
1058686487 15369
583816047 12721
2142252507 11771
1167352519 5883
934426601 10587
333973323 19706
277018302 2178
194294146 2699
158644607 6193
6549259 1235
315751956 10378
1856751847 22631
1702831097 19252
638693238 14047
1697287639 14473
39121577 6650
1530655703 13976
544926306 11601
266722297 6746
1075583730 5726
1616755645 19128
1215879330 8597
1450122991 12
1680301848 22995
1952123574 19907
666723097 5650
1699645676 24699
1204822263 7681
1273848095 2052
1132967807 20546
1375575760 8601
190260502 21150
1926916567 14799
1959588917 15523
2141953700 19880
1935085861 18717
2075053253 13873
1682422179 9223
1569908424 9811
576409211 21417
152237077 24979
542344613 8711
2096179235 15734
2027224161 4868
1135508345 5731
107202456 22725
394991386 10164
1275899257 3471
235326899 5938
1201300567 22278
10773272 20141
1524084553 1736
1898480671 15953
1422441718 10139
1089749307 1928
141110147 5093
1121690519 5480
859584466 22733
1648877733 23439
2010602326 10812
2111048933 6029
1046702536 6010
1665098318 15919
722554895 19486
579231214 5930
224789459 18816
936793985 13416
18581955 19084
1801267571 6020
1365310311 1923
274949361 15374
1202809461 20667
200651343 5199
420647379 15618
1380982281 2160
1774168373 2493
1295539963 19191
1381356414 10375
676947510 18927
325350068 17747
1367773529 15845
1976768895 15199
2145891515 7991
1280737746 14777
1858996748 4292
981789126 8408
615479711 22631
1598663352 3686
697302217 4323
281392670 22721
1033559191 15777
2037256708 3805
370844803 10271
637386348 15811
575383956 19136
256347599 10023
1998397250 15173
1582130197 22490
443729901 8305
1556167326 4359
847048593 20544
414639592 22937
1651778939 2280
388545543 5864
1791394259 5441
1881940616 11065
240798961 3377
1155780275 19233
406089004 6769
1257376533 23423
441690286 3414
882177079 7794
1579100556 7534
1760585504 5926
1076094396 18209
110326614 22088
591355314 16960
314155880 807
1229637495 14015
970489899 23990
781178966 3982
1880124104 22202
1373722051 2814
1999778719 5504
1486684937 8963
778930296 20001
568205177 17361
753635554 24798
45510667 9569
590598309 14744
1644889275 2310
1117786669 9152
386633427 13913
872245428 5719
975074285 16471
343532955 16610
183930795 13744
1803094851 11236
962284160 7213
1552035670 8105
834335368 8757
1276976042 4878
1433789607 16662
1933201685 23734
262941723 6681
2128519012 11127
2014984424 23799
1917986429 4195
2036183525 2849
1825826895 9404
1646027235 1596
2123424556 607
661141808 5362
955692131 6737
200870159 14829
1393352453 23889
696274297 10958
1580137540 3168
1836215517 14607
363694410 7155
397054393 6175
2006203622 2572
1150753703 12621
1500523363 9087
1810004856 17622
1138767510 11585
1223755338 12275
885977559 15343
1325815029 20924
1970812707 17324
408292496 7705
625674279 20613
999517384 24696
1579603196 21018
1398188028 22400
1852088247 11923
1044700415 19521
165254597 4104
542800440 2775
528420872 1627
1513795958 12349
1787262957 5200
564915189 14706
1451332524 9806
1592059456 5263
16759501 13996
1873793154 6837
896829777 18717
551154034 20259
1410715895 8378
1217667212 17976
1554451631 3675
1339445436 251
1799875464 16541
1487166153 9517
28279126 22379
415974583 4651
962955720 15788
1095681925 10469
121317359 3074
73481181 19563
1223947378 503
883281435 19806
415836260 6028
789392195 940
1080679352 11083
752871468 3587
1960197941 8964
1363041351 15780
595754129 7612
1637079679 5826
1917783080 5684
367871386 8415
52785520 23614
1061728579 19069
2035142067 15236
1287360206 533
247686527 18735
800110231 15266
38423596 3484
1855578605 8153
428160410 12042
1664605318 14816
1395855350 20644
1264825985 22932
1762599031 23185
1869387442 921
693706687 16897
1968963061 11226
588588744 14019
1468824346 1843
758780417 21408
1345797064 13172
816023666 23007
1157501935 23780
454572880 24918
783309974 2581
1331150950 6179
994031913 9623
5082521 8993
897104004 22525
1125992121 124
1511744240 7388
1809981110 4230
39926339 24924
1375368188 20693
577278695 7554
723839032 9916
2083409226 4133
2074517356 24136
1750839415 1917
296683032 530
1509634902 15581
973843527 7996
893031101 476
1985462596 3980
764946384 11697
1521200384 5088
160702202 5477
96285769 9468
1873124508 3230
544769277 12051
719914413 15880
1140099062 16319
1418064823 12929
740916121 46
1688374956 19045
970031830 15537
369339758 7119
1066944319 19897
340005739 4415
227909211 9095
1301498980 15661
2029653394 16054
1039698042 5972
43656622 14947
474970442 3519
274861345 7135
1667584389 11981
366914967 6504
1738159081 9435
160762598 3924
39781140 23783
970740703 21125
1455401966 13916
2117061103 4664
606365461 18864
2061841657 4873
2140096608 24988
136655615 24221
2057958231 5486
108255801 1966
810224461 9957
229907690 16499
1334260160 20615
30649920 12646
1746162884 3753
1357542911 6895
241973909 4090
1634043574 23670
802475958 15162
381158622 350
811912872 9984
192706704 11503
1814916419 2563
240521013 5380
325731624 23235
176110732 19664
754088200 20384
1684112373 9046
378262178 22310
175525921 7107
782849733 14230
1511565586 17598
240089418 15310
1017917480 17016
1656458999 16274
58660865 13685
1424230862 23701
1466692387 4518
1058497111 10274
1236152700 12165
601977512 21288
704820593 19029
47780285 21059
1318339338 1291
2007316116 21013
758180231 3258
1185114835 17225
175210612 11003
280889076 2782
1328920601 5584
1146715359 17951
1629782500 12053
498447814 24735
1368866384 14325
1866391065 6722
939674196 20876
1466198511 13440
915733706 14867
1489961776 9642
1788788250 6064
2088996256 4650
1538261161 14991
587424492 24955
1944980308 9125
1314865900 20523
2032994199 15323
1760102665 4290
2034591715 806
725732764 12809
425089968 5194
1969395099 5330
1373359233 3155
1359783203 19285
1636505522 1633
1604570881 5814
913254000 8631
2146530671 1596
71299753 6340
29981113 8715
47216870 20126
2115465206 1287
1329638740 4385
1727209961 16614
53960177 20971
1770125867 21360
736008452 19138
140266970 14343
692445987 1687
363194618 23094
1705415322 24266
736016659 3858
1402710200 8360
971497756 22816
658401641 22853
909127421 6356
1906268500 11167
1713155847 6201
1462683973 16705
936512892 22729
726312061 19495
318237311 10633
491969940 5610
391328032 22795
1025694748 14132
1176876103 13272
1347892079 5095
1432044775 22925
1382801964 11124
62941909 10152
1434133866 16000
1603888182 9594
466252682 9371
1123145156 9484
112974953 5341
502634505 6979
1261067313 20703
1576292656 15259
1273168937 23432
868919378 11021
1969767295 1103
1614932854 20583
1035796380 17490
1182491025 21316
659405168 8424
1727859317 23364
1336175792 1154
1051793427 2818
1990338558 18849
591103240 19295
43542681 14556
1042079537 14720
277018413 19720
557655486 19063
902763259 22038
610654989 7376
49617 5061
633194630 2944
1688894655 24073
1681888686 10870
1086004071 3488
1571757020 21574
705567443 2270
979426873 5289
1368617932 18242
656097498 16771
234317129 19425
315367906 9557
438651649 17554
1007120298 4428
533335505 17923
995159939 11405
1612479991 14378
1341844047 4698
417502229 8963
86633748 14121
1240735746 23189
459541375 15085
987105653 23961
157635896 12161
1063518437 14366
509142265 2891
1652558193 7538
612699237 19415
2010127313 11394
1769496472 5450
1580825050 2353
414585826 1079
1482108057 22874
713581884 23117
1301276444 20599
1380116042 13962
1343444453 16495
496852628 19169
515549698 5383
211958817 12729
331738184 16771
1273203345 13915
819145929 15076
248399674 2669
594345845 17858
1105061129 7786
947514993 18095
1307777712 2193
1693965502 23760
1794358575 6418
1680350357 13958
2085249526 17138
2000193418 24833
1029175769 3586
171374738 2406
1073112180 4465
756972992 22124
89476936 16019
9966521 13710
617468356 6966
1607941159 5979
727413870 8170
998200357 4657
767395382 13202
1481804468 1770
1495032110 10266
1516158216 13518
1016050894 2851
1616479363 8371
716802614 16783
1846460520 22465
704101499 21382
367886570 16068
777720122 4213
1305909887 20384
137483660 719
101728662 14495
1076032399 24612
469165748 909
629050850 11669
1931599380 20199
1360513703 15161
1575411924 3419
998843135 11688
894138540 16498
1940800167 24454
1138240386 22228
1621542828 4777
73189158 10945
1586302549 4385
1089105206 18534
521939569 12677
763456644 19507
314042303 8764
1203556386 12396
496965882 1234
881372523 20265
1780450322 19555
342365890 9726
1879970406 6167
588724562 19664
1963897902 22790
112236120 17725
649030037 18756
1717897338 2843
546727498 223
1493539457 5982
1505728333 3220
1056435981 12572
798005198 7843
980875476 1848
637017964 13145
786933294 20168
580929584 16549
448778671 8563
626363830 846
1006724426 10892
1674418039 18927
212910557 8818
952225440 2055
2072071146 14528
32481072 298
1355297973 12120
1423169814 17013
471281614 3058
177995217 23393
941611823 2519
112729516 23548
1059823149 14395
799568060 9145
1178498471 9267
842609363 15816
778714360 671
827403523 7299
1213426646 18753
1454013656 3142
26145631 1105
1074530884 8010
1541822032 12524
251971166 4761
402901763 8454
1458137100 6474
1091006222 21388
972084514 13576
1431437365 23072
1222713073 8447
1828615236 18064
299898703 6190
1853946652 14000
1757011591 10609
503565173 20718
1988233983 19368
1660293702 5914
737664041 22329
129052030 5127
506608049 16674
1555269098 9101
669557665 10051
196441372 3478
1636670162 5296
1503531609 24684
1532540418 2702
1535456124 7995
1049001186 24907
2025522349 18353
1518769215 10106
655626946 18121
1155722009 15089
1615255758 8016
697072098 23456
292062880 8806
686632199 981
1496052898 20501
477340915 6567
1203291106 9374
43989938 21449
938163313 6678
1194566515 20777
88549038 24658
77930959 11682
491657158 15334
626297282 16696
221045693 24854
1632765491 8898
2079683561 14414
903101115 3058
2044755634 344
239978297 10774
516791474 5732
72128954 4198
52058553 22222
507589565 16577
1380472596 4796
28185071 22047
1126272247 21351
1389131102 2518
1027915478 24515
188744086 15
42977656 20600
368900930 22460
882617401 360
1870415468 19540
190235953 8569
1878506967 11993
1103726017 21341
1290605854 9158
388573402 1077
1044706829 4045
109030351 8660
1481085258 16251
668828800 6731
1228753744 13191
725582664 16417
969990060 8507
1974412410 10120
1094818615 12554
681290278 23654
1325855913 24624
1609876703 1288
1821740809 2536
356573523 15986
283103495 8996
2003080489 13898
1190984811 7825
2034852469 12767
355254056 16148
1917436074 15710
1843095960 8740
1270447160 5452
507122777 7203
169602015 11243
1526295208 13769
1159231518 21321
1373259878 77
1549474824 2125
431147443 1443
1260060455 6849
611421308 10936
158472789 16654
1415815761 1181
1076908404 7902
1251695679 4177
99783414 15760
1179064041 24710
984491923 10075
549494914 17661
427218839 20141
1093774381 19844
2053886489 11954
1862435779 14663
334980044 6729
2050993489 18827
1237062504 6354
998700648 14316
1597260053 18583
1440146254 1248
1492012263 7437
1550005923 3262
451632964 10532
450460601 20254
1814457636 13338
661224567 362
1719533643 14254
1179784582 15611
1468923903 15804
101873460 1094
1395769923 15680
2088021536 21033
458533544 10046
1551813922 23874
1976133516 2837
691550996 16998
714286261 21928
202591022 3681
737069208 9610
643479130 9866
1763282507 21424
1053381149 10707
1481091499 12694
1951697024 13244
1810211376 6427
244235982 22358
1414818487 9926
1246445131 4055
1407100468 17568
1955336887 22430
852040057 11658
362293600 16624
17167343 4763
55440556 6509
1246166497 8322
1170349613 7948
1761351213 17038
1873295849 15197
1436450642 5852
1555891889 12242
1378340255 3853
100933419 58
812537976 3832
1936914923 3355
852808828 20592
908446710 20892
1820724352 5508
1164569327 20917
1273531269 6893
1364792384 12252
1021558708 15272
419101525 23655
649884160 24939
1319731536 22052
280750397 14243
1765436084 5404
899697951 21497
1641820711 4193
1219426166 591
1081241943 2332
41934485 12795
172041758 17647
648490315 10671
238399498 13028
1960715208 15986
1035949512 13743
1392957525 16321
1235047981 22483
1688548771 20655
1472668734 5903
1938664527 17300
612879905 9063
769962858 4306
1142753235 9869
592014391 7200
565826513 21485
743000970 24444
563364691 22503
1033322396 23350
1552089226 19691
1950353990 21581
959864819 17039
1409092939 21527
237842904 15537
1321265110 10575
495633015 21272
2070656158 20086
1318435806 19579
1077142367 2329
1039835906 6686
1484664416 9612
1547397899 23039
1556969572 10030
2109697422 15781
785621272 13290
188075492 19075
2073150666 2770
1839818286 16287
1810476292 18704
1573704190 11542
1462582000 23567
1151397108 16446
1977903576 14283
132223785 3217
845447760 17263
1543347548 3586
642568247 24977
715286595 8978
1477434112 4739
1807661390 10905
1147778631 20417
1753839045 20564
534763745 20362
67376967 21488
312754241 2077
34117452 949
1328422217 8084
600388244 19403
144141613 21100
900546830 23705
1631975711 14547
930433857 6210
847463156 22739
757469679 4187
1974552178 14870
573483504 10539
632229759 15488
813178082 11448
2095973641 16227
1922025969 22020
322283860 4076
1922566383 14837
1979795777 20551
1903066643 15826
1102151249 15980
1446028917 9590
1523795952 20037
1809173461 16731
1504260746 11363
1559642456 11760
1283869388 8075
128623271 3110
1110286771 4768
934805281 1780
670899966 6453
1914933083 23566
1888656820 9722
798358410 17093
625386559 16222
1827053546 19687
444256143 20468
1390704267 15018
2032223399 24289
648351528 2351
290758512 9373
1444906761 24522
528499850 22175
563743368 5830
661754630 18634
1704507581 21638
649855104 9328
60939135 24554
491489763 9435
2038352387 17051
764246065 3074
769713257 8386
1970478111 15350
224845897 20974
819997778 12976
2079073695 20881
746376550 15977
1553168055 20636
1080145677 24731
991776509 2402
1701059095 11366
357890349 18500
1910993586 22844
2016614916 24086
954704623 15195
207414100 15033
1480526826 16299
1925706195 11125
436362842 4906
1467896124 12183
884586214 6754
686469564 22977
79598564 2586
217264150 18975
902475223 7356
479247126 12046
1653779852 13725
1191193464 20906
1985585055 15663
2050792536 1377
1807102507 16172
337350 18068
1003697230 4101
1215839224 20631
992945623 20115
1957582026 19672
2078288581 20180
1657239218 23904
1674822090 758
189539436 22584
939790907 14618
1353679525 2955
190278613 14507
808865302 23110
484828398 20715
526193175 2051
1307960697 6469
184778896 3888
1893561901 7628
604264847 1976
321198724 18218
737736022 6618
1969094118 7142
172800709 17876
1472300540 18959
1068300168 4832
1723819314 10723
306398590 21951
741418406 2050
1347629160 8872
383981268 19034
1101744422 5898
1701622262 10786
7862687 11853
1990460071 8597
903746565 12146
258028050 9362
723498094 13773
371146152 17400
829320855 16423
1388478242 8389
1321347939 14066
836657344 2573
128294390 21805
490439749 874
1287402537 19980
1362728092 734
1748121227 24043
706180842 13176
180519268 19813
1025983113 13205
1931213018 24350
1219883827 20394
76177596 1420
789495417 22785
47626532 3540
2040486626 2220
766992026 7400
244616820 3472
664159286 22882
149942880 15656
488070170 16024
1536689260 5417
2136221082 12081
1793141411 19058
390674049 24384
6391409 880
1995975315 16279
94509310 21752
175237983 15203
1322058930 4245
1647221432 17766
437605467 21245
1092742889 18488
1370923016 14397
1906448227 527
1139541020 8748
366777835 24210
28996129 19941
1437608695 18820
1012593121 22977
985424507 19163
1554526465 15243
146590935 12725
1586798516 14222
1149963063 24977
1405987549 15186
643023958 4169
93621229 18417
64621080 3501
171320679 5070
1549301028 23784
627883571 15527
818384588 23760
722443426 7207
146157984 19104
553827991 17589
1699496561 10361
944668022 1552
451749258 21762
385151064 23350
223880917 19400
1016152321 11730
695515042 10264
754131524 24184
1981783102 6137
683901397 6222
726129101 22016
326122133 10926
1971488311 5384
1087067980 1637
360758473 20039
2067149631 11027
1744544404 11627
664111179 11963
1224596822 6599
1819873769 8133
1695775106 5876
201619992 21190
1745703444 14038
1027729854 12860
1545278106 14105
1984709193 16553
1705035259 19019
474771107 9872
1338747981 20761
23784985 10435
1033258805 1964
154330826 6400
950819474 1254
291401528 15044
941435876 17959
1609817707 12852
306920181 8992
919900347 2178
712085336 1371
444863826 3653
425083559 5351
939553959 3653
1608562078 15547
1984321635 13089
1340671950 17568
1108301475 22784
558530583 1239
1961395889 4686
1962250852 11569
105005245 10253
1754862163 15670
258592566 3924
870848992 10789
477612787 14815
1463625602 23091
1742993524 13565
1301194565 21969
494761478 5312
1379934048 14730
1064049539 14348
283353739 13711
556400604 18010
2031651084 7845
1411463271 22698
158793443 8666
1756088970 8191
1789314196 7234
1628685568 24238
377034892 9714
1867644347 9889
398293753 19575
1221621088 20023
114655440 7071
681980005 1561
1478606526 24209
505446974 2253
1740946140 14222
1624559044 16338
1394341567 8035
517242101 4455
377221453 889
933239376 2180
39055268 2429
268307146 24077
785921158 3026
58314764 8755
526391236 10320
1444099142 2380
689742538 11627
691516902 19528
259438354 16158
1547808825 13032
220520089 16061
1110271677 8504
35952782 23676
755740702 6605
1054484196 1058
2084990411 21853
1474607800 9154
990588758 16741
601535311 10729
529338809 13097
780518434 19528
36405835 3212
122822823 12444
896811038 9745
312121818 24384
541437281 24888
74916937 10906
1119471489 5644
1272548647 3569
262008667 19009
1013429884 10015
670448735 482
9250334 10044
737199229 8941
915973647 2327
1786043783 14751
2104764910 9618
1645586160 14241
1849687018 691
1392096289 10159
1153645990 12799
528915034 18322
1840930831 7167
2140253684 11590
186981794 19429
2008577293 19178
1971573724 1571
260734214 19825
356368380 16136
1054127686 16915
2119892955 13732
1416775979 14463
1572213682 3870
807411238 2213
940421338 19305
2115766524 3785
345074596 7049
23669185 17398
1633602033 3396
1982389626 22344
2128007344 9551
1107873936 16219
148401392 5896
99570251 11583
244836591 3917
39970157 9911
1832622070 20710
1318570338 23443
1432145822 8915
1620957387 12843
598831869 35
564064134 16822
739837406 564
590565376 8748
446663437 20737
1074742869 17841
448814805 15630
840927432 14954
992111615 14757
1149178674 257
170117386 13689
1901500434 15679
374433380 22158
309227936 18556
1696969094 20894
719525192 412
435587657 16180
1797721523 8164
224321264 11517
1039070745 6327
1680389659 9587
910194362 13886
888160613 16480
1515099466 1234
1323332907 14380
2131828558 20054
1280069079 3722
1045985471 10760
1240445287 6231
2053646171 1822
1927224985 10468
401982523 9719
1105049429 999
1154188317 15597
975262025 2664
1985251872 24221
1134230448 14699
430463631 22000
2127076847 9626
549134123 5060
1759641170 6159
70497616 10135
1496832904 20225
867140350 10398
1980108730 8668
1575537655 7572
1129553 7193
585815463 23517
1780173825 23388
1596188612 14350
228918765 1360
719583677 14978
925932880 983
1587209534 22085
576463804 23200
1246364011 4855
1375331995 14800
123370474 7678
1830457717 4943
104773383 21761
367850365 6498
1573928845 8688
1504830947 9819
626896599 18888
1574869513 23691
247452032 18160
454890012 20827
571482009 11796
2094283329 165
559976334 6670
536537688 21339
1479122376 9641
1382759252 8660
679734849 20502
1122653648 23391
2080538741 14929
817451415 6669
355482108 23765
105231860 16520
291128702 21172
1824177054 9400
1798565029 1693
594425579 19406
95038749 12283
1874312693 19547
707640400 2930
1872134201 9171
2067968995 12271
318974060 3534
1237707519 5596
1328209855 9786
765322289 17926
560519251 10741
294451178 17338
1769512053 10039
550371514 14720
186011396 17425
758097733 8485
247625611 24166
278234456 17674
560607318 6454
945492696 11850
164094910 11052
703854558 2938
359329724 11345
1990497628 13948
2064655103 119
778204506 1904
959894405 7204
204164444 23008
1261740648 23536
979345610 8039
715594757 3330
954379478 21418
182496288 1189
429599177 23098
945586967 2679
1110203262 17407
521580060 15477
1987083553 18554
265118800 2521
1891221134 9720
566370461 15218
1541767273 23347
1253472839 16574
591215986 21535
871518569 6931
466612679 14451
1354652539 8817
1264738716 12819
716515235 2097
987243895 9575
86595557 19167
1736497250 24139
1182728668 19639
1076022216 11104
435042744 13757
2064863626 13254
858072406 9486
2050271966 9598
565784782 9158
905890712 14429
496190556 2275
229341923 8554
1166608859 13142
2130907724 3324
1996970153 4277
1671210401 11722
1732432231 1896
1280832827 20699
301120182 1639
1667991260 234
1043139579 5419
756768808 20671
1662809507 19407
1735663593 6523
114363020 15495
131085490 7516
1406981095 20236
904128489 22391
104925016 18727
2092106522 12169
406351292 21766
1455288800 3839
289425351 15346
299877832 11271
371220629 17275
1067816225 3898
419814185 12131
394981391 24280
742482680 18575
1286591857 13804
811944485 20423
565135084 5131
2065992691 18230
1721601897 12473
1786052980 12319
1108716870 24664
1702367033 3363
1037604927 23801
1160277240 22937
286265414 14675
1595974983 23392
206492208 12738
1736482726 24512
218311960 24621
451078967 13472
1439878405 18149
2044907741 20872
1856243694 20305
469359708 626
706266708 24393
544925083 6955
1035472578 4689
45613556 5995
1160540442 4100
389416034 7525
302674362 16722
1950830642 19160
554905652 6732
1154681557 18554
2101548736 16095
1318482558 2914
124513621 12817
1516576905 22758
1363550265 7369
1287626624 4655
641222993 8733
2061657227 7197
691331205 22201
910455145 19064
1665345340 13857
332743745 1838
1322748686 19924
447733320 20263
1667058912 24173
1136852582 1989
1565612645 6077
1859914954 22610
1838798737 7431
579488385 16587
1973817497 14091
257200936 2002
416913895 454
783214158 8122
1605761773 17047
1544607190 7741
762995280 22338
891497136 23065
783581750 14768
182990789 17583
1918109137 8749
514016231 8827
1063024074 20382
466777245 522
819106877 11827
1556136518 16241
1068303247 17302
1461399168 4511
1155574682 24004
358704865 5194
1432392996 6351
68935034 724
1535316323 23313
1855981641 21125
1479350065 13299
1948433787 24282
163585395 2218
301978999 19891
1462343954 18293
1107792983 23991
1307911230 12929
677135497 4980
271851516 10013
1493562803 19560
435828187 6083
2017180555 7424
1893649492 13433
886951101 23791
1361272116 6253
1510924607 19045
815269400 18697
366572606 6443
212001580 14188
1855313851 7074
491205407 13230
387610834 17564
848431460 16551
597305256 8859
493202801 103
1944574645 18956
745391777 7738
1345057812 20379
1011150844 8472
1425099182 2683
702065149 24483
1448777781 10416
1297590130 12
479736552 18537
1500740497 3339
832282260 17865
21821693 18141
1147958638 16631
1076790874 3754
1425140324 5895
56266715 14313
2074465324 1431
306392298 4344
225984305 22432
240941280 15927
1598698871 15821
575951856 17871
1196793355 6265
510817878 23487
1500085193 6359
860651702 23012
530244496 14011
1711111446 2217
1884889188 18129
74415452 13302
1425573374 1279
556978275 17865
214585170 2872
931608161 8704
1956361921 6143
46692943 13476
1873106598 5592
1043578919 22685
375914440 13138
1646517902 24605
532734433 345
1718613747 7016
1814781735 23776
313904001 14649
2000562065 23939
1666110245 2311
1810652118 10332
715290673 368
2105988027 5851
1444499590 22769
1228422280 22884
1505383540 1204
683451740 10967
1155656872 8231
200428338 16803
84818728 17714
957229212 20694
689522021 23796
233895273 7982
1087484127 1678
712992105 20925
1481417647 12722
360697909 24738
1932904080 19546
278344140 6875
1782393024 20089
1255942893 23062
870725587 1905
1555339520 16880
480032143 13845
78471198 8882
206052351 10408
581348894 8155
140975192 23927
347185023 15990
767565483 14662
748604428 16479
1216867670 23844
426190663 9839
879791016 8412
774620976 18422
527710769 3887
1109100250 7842
71737576 8029
1161219470 17592
1937973448 5614
260131334 16412
1839485347 23364
1957412174 13855
1090658031 14176
402910473 24271
1366235270 9606
283698622 13312
368740087 1380
36513777 5498
478907822 20532
1924558156 3687
485850917 2167
1954748874 10020
87796396 22914
136597532 17295
1637082583 7508
958423622 23379
1067999251 12188
17356725 24213
1688338344 14241
1334476196 12799
1876460897 13213
2051533760 14139
223633401 9254
802595190 16254
962172352 13423
1873209200 12386
133456634 24865
1187833133 18415
1434172617 10615
715865533 10497
2035601101 10811
1014598811 8699
661496031 14709
826628221 6330
122318755 19146
287577300 23980
1620927037 223
607842819 2563
1317838147 21432
742695190 2105
1054950001 6332
827974381 21410
1421282569 15411
535926748 14746
248619171 15290
784011276 11297
546298709 24515
1611344446 21079
1404411901 11778
1631790242 19325
1954493561 17878
1521125769 11199
540186219 8899
1622401979 24419
967576627 17903
1262752514 17550
1356384076 24843
1424765032 5436
589415149 24121
2068853836 4963
864565859 19278
395215431 17132
607235528 17870
1564553486 24006
640822805 5684
23191186 24997
1283520590 3580
1925201198 20127
59013175 11099
10971946 18723
604064518 4466
1294104230 4679
1825585641 20629
1753098017 23520
739918431 13591
1592500390 7668
57073410 22001
147993945 16759
1402844401 9209
882003756 11197
1748132691 14989
405995090 19187
1413592004 22037
1718903212 519
147912348 20046
246602764 15969
1498923699 3827
1786287545 17893
1399112504 10105
1606446624 912
873627117 12959
1130528195 24902
673480416 24399
464073200 12944
626437043 82
919032000 2836
1517370734 15371
1609788589 12191
170390454 21149
1321910209 23910
906322164 24658
655687655 13935
1135147012 22712
499340464 6738
822388732 9914
959821286 16656
109534552 7946
416589855 8926
53101312 10462
1993598654 13817
271697 5932
1976963637 16503
2061627319 17912
1297683586 1490
1422938141 15296
292829486 1728
2135628319 402
461041296 8808
1859578217 14838
1305668467 10379
368575971 16460
1318257371 22659
2089442736 23435
1909809707 13787
1050582740 4087
1163616531 12387
299240151 19143
623266165 10735
969412080 2970
1218312851 16160
131235412 17590
21980900 16280
1796428770 12311
68390495 24326
1053168042 4499
372425702 24236
1796227057 23023
1287072016 18126
1567414498 4003
223051660 5741
1554974275 13335
1842662245 10781
1867628305 23179
1607623163 17081
1469897585 16722
1119453216 10873
1058200363 15142
773663113 13303
1648067582 15703
2105977597 1595
1253302821 3429
968079319 3684
1629624858 3145
2051211599 16006
1584288925 23343
1919321881 7337
996992675 4364
1856276491 18286
1642160538 17584
1749489464 4196
1790105578 17520
1791501861 9768
527396101 24319
1831164744 1297
1500402657 2789
697252303 19385
293471145 6798
358693246 2763
1261570313 23242
1556747584 18024
995193931 15795
1485330943 22696
1912362293 1368
1583910874 17415
1185330146 484
813657153 4044
1448655883 6904
435667741 21070
1700862560 23020
2145050794 13186
1458941703 13633
1863961051 10779
1682052891 20003
805633264 3947
3080918 18196
2055982023 7063
161064004 11243
1560838252 6065
1698402891 2721
770715537 12679
404398475 15186
1837157382 14083
1820092964 11379
182838831 1172
1524458907 5023
376871704 13898
1767483959 22063
362834070 20361
635759 14816
609048424 7281
1097071161 19262
781966558 15121
699637249 17558
1487996991 8659
1934895357 23578
1436479474 6475
1456623662 12034
1633940699 6484
1710519815 16271
35913063 5456
1455453091 9967
816579524 7553
571199313 11662
500330960 5053
1563545491 16309
48388945 220
131053642 3202
1553542951 10402
644820395 2759
1777828587 21673
1089109401 18708
995949159 6346
1188252139 23596
1953653258 14442
1646251730 2520
1400020777 16019
1437268209 20141
231809808 24289
90761505 17309
2051245145 15584
1668027036 5125
50125666 311
641475169 14413
200549131 719
1344898699 3669
1380790382 11512
1315499528 24963
2114922019 7812
1457696650 19318
1470576683 3677
1474291438 14084
269183277 4143
2078829167 11592
421000837 18377
1765917467 15138
533283452 15597
365253300 12626
1394367003 21187
714864116 20798
1740611672 12851
1585206186 13473
2093508540 12791
923602220 14247
2104794504 2968
709078305 2532
1950655356 17180
364670027 8198
229140818 15589
1820264719 16174
1318021565 15205
1362170118 1156
1107755227 17986
389593631 17445
1736751288 14881
324792255 12481
834125380 18627
398924742 6572
741767418 23908
1252643843 7799
2122534967 1670
1030396614 20444
1902692154 18605
1018515300 3473
1227001039 17994
1889990616 20711
318237040 7116
365857649 2250
643228002 22364
474876536 12741
1107042100 9180
1316718878 7631
858286462 980
1277451251 24426
174987341 2398
1365565749 9862
1600201637 5004
129592784 14810
481980005 5043
931610501 14114
355213417 9314
1601630177 17288
1009312533 12564
769265647 5987
523204537 18743
1123114931 8151
503664935 23987
1193711267 14207
1712114866 6330
1689655417 20689
1412797195 24318
608046771 3173
29903958 24584
24235269 11965
1419907128 18192
636712370 19878
774276028 19845
2093221969 1018
1686988383 21732
1666832845 6796
791643000 17358
2068939627 15552
265348665 13639
975918045 8798
104612782 4157
739514069 1638
635798733 14982
841808152 12565
1222262414 6104
577421366 4950
1309072078 10857
174961449 19453
2145664823 8954
77482699 17284
1428933395 20616
1433690594 7670
115216712 4285
775174045 657
1427881599 18224
2013491863 24085
1004482537 17583
129793426 20235
1378959502 11118
10212057 21475
2126866207 4565
1537904925 2219
1146149151 3900
515623471 4609
1354576969 24822
576930009 22318
1940946527 15662
554153339 18635
1031471176 21647
418368806 18472
82069178 2997
1496298586 13527
1984869537 6976
1983998573 18122
1434362922 22164
1711402455 7109
868306763 10879
478010533 12456
282522436 5363
310427360 2685
680282139 14560
991069251 10495
506491145 4184
1598072397 2100
870926351 3374
289173548 23976
860585936 1965
33181615 9747
1255778377 19082
1377512702 5576
91775882 21839
2136118421 19854
571023666 16705
1432961489 6178
1972398045 17074
1134376054 10262
199185464 14808
1286264248 16463
41774260 10618
1670614224 22416
1044408765 13320
1835141362 10098
2021340779 8457
481769934 22647
1272514664 15008
1654820764 2562
1609784469 300
1014676071 3874
1630215253 13524
2060984736 11495
2059355306 1363
408172823 7394
219268319 6859
233667854 5835
155937486 1017
970464908 22887
256262601 22813
1351256287 18273
245426079 11370
644638582 176
1962723220 7868
1778554339 24297
1961480202 8713
844548422 8473
222459113 17823
1008170227 11373
1165214418 6187
922300910 13930
1151804818 19025
2000237168 10869
723508141 22229
1180006596 10782
165137481 20397
390042477 9843
1880472308 15014
798409362 24437
1070666793 18997
929668547 23459
178505024 13982
341542895 22545
1190401324 19955
1548296179 2476
2075191126 7685
1507045721 23705
841944001 24390
1372966781 2694
1169789370 2905
1378230626 9618
1358512601 12214
1033125708 12471
697048439 19107
1342097427 2617
740206714 4291
1935704593 23920
1471643591 22859
1357411098 18187
355747009 22322
1955779410 12704
1130312406 3023
560655822 12743
596847308 17380
81252680 13145
937295478 22148
952525328 8723
1820369111 8510
1709924700 23697
1841603297 12027
954496631 2448
1679044429 19336
1971259018 17733
638121455 17070
1051677347 4937
914533698 5047
796819783 2655
1765061944 6841
544420255 6090
1425324330 16401
2079203580 7003
675983639 21273
1419002869 17980
616583847 17503
1649716254 6328
18262137 12936
55394752 11415
1815154461 24812
1780448637 8113
197681731 11477
1438228330 10201
1214879887 4429
1802731482 18551
1134500937 15519
1549195081 8846
657873461 20686
1293221801 15472
923089786 14578
1709400147 9847
1173815115 10734
1846870279 13014
560730216 20289
1282096795 23840
553534697 10555
1233297952 1651
501277790 6052
1796151948 10295
1025200044 18408
549285230 10293
158363449 20270
127926190 16484
1092898567 12214
57426501 24354
762361570 23312
1419293157 2015
5571000 4142
4612131 21969
615637608 518
1964812466 2446
1456972018 11922
1570234551 2527
399302526 13450
1889468074 8702
1266636603 9070
163977576 10598
1914674846 14396
1730205682 22327
34083865 3587
1593356607 19258
1621215078 8471
1189557618 12607
620071084 10002
297442430 22571
1711488687 7326
1536170742 5383
195464280 18090
363484185 6911
1279463369 18132
309178486 5558
1567390103 10092
1541286105 1718
840709591 2738
1844101341 17668
1025468875 357
1916488243 7054
111754060 7043
1508291310 12290
369324156 18827
533502427 20337
1584468543 4304
48197615 14438
19574366 21879
1030459421 9510
1100440769 24807
1023462613 11889
1779525647 3599
862983845 20393
1447286501 10943
1851310164 4797
739245771 22250
902961907 17893
824456880 24191
1889676232 24562
53599352 18391
460750480 3734
1219672237 18205
1314947468 14318
768156835 22672
960698542 22542
1958613879 721
313054825 8035
1731240092 24736
1827459633 13065
2066441920 7685
1928507797 23479
2127048189 10365
1893168656 492
589933489 22948
1660537689 2601
1781682978 10003
233302338 11925
859508870 780
1192565167 3995
1499884515 9261
794297094 24872
323260877 8930
799600575 7410
2039552306 10622
412571542 982
263720035 6483
449056735 23203
416640825 24659
25623379 14317
1416298641 5980
290866765 7480
1086335634 6561
1782479818 6365
1706947534 22142
117193335 24530
545720858 11275
880455062 17661
957340121 17987
1792509570 7249
2142934939 13010
585058134 14028
1029918152 17474
1768884944 19703
375031014 8031
1802688386 8406
1167463370 7999
380250245 7421
588765161 23941
1320219444 202
1938554283 9404
1255459092 17649
1344714492 8515
130301460 15709
2025942293 668
1094683678 7157
1354618101 7827
1334833062 602
369313421 13488
1900220597 4833
429188848 2100
1039311460 2401
443400580 19108
404409252 23042
1535906284 15500
1950910481 5061
2062325564 7344
920258529 8531
2036943431 11467
405318621 16550
559210154 5339
975320605 8957
2096326848 11635
29209563 10770
951205118 21539
1963990292 12818
2107739482 7837
1065262636 5872
1210109626 10038
2104649087 1047
828702739 11523
778980630 17360
1841872897 18268
1275111826 289
897348139 22102
1452670753 5401
1677197182 5313
1758690587 827
1225734558 18099
290741132 22831
159757312 18785
782906188 18407
434664723 11571
1807815356 3256
866664319 18915
501066557 19242
1194816227 1866
358069845 17608
925704319 2095
1466066844 17790
166207850 6800
1365204990 10080
936472187 23763
2082584326 5040
1085380751 3042
1699106462 16053
1244277405 14215
747802732 24931
599012558 1496
633915067 8550
867180950 9517
2054588897 10858
1729707729 1711
1641510343 19372
848214251 9397
798449700 3219
1974981331 19531
1932302858 5937
487930686 13189
66137796 5766
419317620 14825
1619286238 6971
1509727304 18330
1266141864 3031
1380893049 1357
1988972721 12161
1836508809 13417
1699685416 16400
1518298458 20675
877459953 24460
264543666 6049
161934914 5695
340850377 16601
1799564796 18558
1045312828 6849
789683378 12615
1061735150 2852
756774726 10092
29898856 2010
1523489133 7502
110405154 9244
387443390 7017
1744888970 4614
1428332780 5303
922287949 4949
1360578785 5555
178521713 2409
1436511504 24752
116344617 11665
1089180774 17775
1761866021 7124
534476858 20921
2072698331 1153
267021466 8977
1112571668 8541
1341449582 15633
375150264 3854
1831342945 6649
1434763580 24503
1956967367 12625
334266320 17289
1178677922 15518
1471398438 3778
1598152077 19920
1204900500 1427
379516437 9887
1800842006 24706
738454413 24403
293328447 16167
1212506293 15152
152932541 18132
32251654 14454
1127469530 10590
726883947 3215
277897617 24793
187788716 24167
1993207122 17061
711727374 11554
889247439 766
2075861287 10662
1147259846 4694
281720112 805
260581949 7261
183685529 12769
44875600 8002
1374264941 2596
463784286 11199
1286449179 1156
2006661920 12655
1127087624 15176
1413377418 22830
776463700 22657
38034029 15898
877986173 19321
1113964349 3155
1769299602 21057
1420221191 339
1216675732 17431
363475502 7758
1720068306 1300
1398088080 11758
490551366 23780
939525950 24002
968150198 1552
2087686511 6574
1641531823 10526
1161095035 7257
931469112 12289
1779014588 22726
149392634 21914
1190269786 1800
828996713 20934
207833682 5944
159437680 15136
977372548 11776
950852472 3352
644227010 15774
727024970 16819
1073523532 20695
337209220 19129
903397971 12757
1929199921 15592
328607562 7919
886911117 24300
1657170336 8206
833438174 24361
404953141 13289
872960971 17943
324608791 16954
1144718648 2489
2061527542 23960
991376086 5424
1409984303 15330
739761800 2191
996173194 18376
387240834 6644
667358272 16501
560847186 2068
1694127373 20870
1500358883 22591
1725730464 9411
1942360308 22114
634507427 3397
1116344857 2702
1844145266 17221
1189634470 10585
656199703 11572
329578255 17808
40959120 14917
247340621 7585
1647633853 17633
1058704769 18789
378892065 11053
404919543 3851
31233045 20877
162974568 23053
1717038760 2845
1657537911 18636
1720227695 4626
1792655512 15080
1020140595 2679
71358918 24240
422407889 13542
738471722 12069
127772063 2761
157731730 19158
1014486447 5095
185079453 9675
1788416863 23336
364713162 22910
1709777289 16039
1147823469 14061
629754890 23220
493483195 16460
1343263416 13871
3721113 24487
1573158513 6751
121275612 14946
693351522 9292
1690982856 18362
398038462 4508
232326410 9541
550445976 4741
319436569 21613
2016334439 17156
2010773978 19762
1143828966 7295
485781541 1008
893421479 21749
1766542357 4217
2056185083 11110
1356574019 8618
865507273 23500
663604548 19463
1338343192 15982
1062102507 16857
366949812 17939
621659292 10048
16985977 9279
301606861 5023
1725669108 16780
573084311 15337
1708442229 3392
1619466026 18957
1195716691 20610
800868193 24075
1876124635 13130
1163940626 28
359542044 17668
569890235 2201
1555419409 22961
274402108 2420
602723832 24095
947583930 7159
848542040 2101
1600975641 17986
1637826008 12605
376092176 23710
603409603 766
1852352663 4828
411443486 10484
395660195 21101
840060019 20498
184173513 6530
477876398 17234
737822771 3418
165449559 10418
15002247 16261
932864631 11458
975398503 19714
120299174 4842
818887053 256
727017337 954
353119184 1210
1024936427 8597
2820892 23683
1848798294 8278
1071897105 6346
1886425970 2363
1846293935 6412
335197603 18622
1992268582 17442
1301010696 21294
983785763 19050
371584370 23914
774886537 15216
153639881 22364
162496376 3423
918325700 19513
1579451775 9005
1913414514 14191
151558154 11938
172867685 16882
1069014201 18545
1456750182 19700
844390312 18002
876968232 8196
1509637860 19581
1897211650 8025
1410880104 23298
1630299874 17903
1286805661 5150
937304375 7550
741008307 10562
54322739 22176
1335488799 398
646759917 6207
1906060335 19833
48711484 23404
52621794 9646
1366198829 4852
1121975407 21821
1885175532 4138
385433749 17685
743736589 18228
455918004 8498
1400671690 3083
1212089854 11915
736763641 4732
971310088 16009
1907336752 6718
1079568499 6855
1158866913 5963
1214984267 11737
1947856330 3995
1864241159 24026
97816401 9709
1937306281 13584
231919089 15720
1800465369 6498
2040034388 1062
1457669441 3016
466026691 23055
948589511 14741
15512753 10902
1549085323 21534
2039284861 6366
500427729 17319
1516238286 16214
939413205 21795
2047444582 1749
1297654642 8826
565713519 23887
353046431 6661
260078179 9508
404463204 6227
1625430007 4290
410972473 10803
1701009027 1448
1123502753 19974
807475701 18750
2108573987 1360
1521256465 15359
363229498 19685
448587510 12304
600853405 23612
2091286254 16367
1648125606 24066
229208540 1978
1523278415 18092
859632780 3595
417930398 6871
1819183001 6662
1049531522 13349
139256943 24977
189238323 19140
1459534542 6270
1804509433 4416
360654116 8212
1109961834 8961
593814620 9200
1015336818 15456
497394210 18128
1489828999 24183
1262995290 10015
1642305966 5955
1177797878 15069
96200177 16661
1421113483 17418
901739021 13822
1319424641 10547
983192844 18507
1256596488 11679
1161092090 963
1828789148 3502
832213554 15646
1320278799 22778
2112202295 5065
1087855127 5071
1320378785 19111
317907014 1973
390608526 4562
221816371 11847
2138010487 19567
982136847 2862
497197153 21844
771974902 18031
1487493388 562
842020041 11483
913301793 8845
672828975 3963
244195225 10955
1624031565 17638
680923023 10590
2122451795 18496
1636441804 3066
1957314904 9708
1749093862 6652
544238576 2135
275833715 2914
692448768 367
501086014 13393
332265176 4773
2070722268 6434
808065018 16741
1056942561 17666
212419013 5854
1948884059 24693
69282563 24541
365362803 9691
835532851 15313
1404829383 12592
105772411 7013
2037684508 5407
566972840 17345
779328383 13501
1248311747 768
985007765 19600
273688587 3116
722235628 5720
635111677 23217
181618560 18375
1714565260 6701
1764455858 20280
554647966 9199
1733691543 24801
809235111 4529
624301408 17918
784000944 14069
2088202352 16320
1346922561 20316
794703653 10151
221905585 14955
141093438 24899
1487926999 18421
334039248 22653
1743894171 6848
1426170388 7651
991846265 13503
896983429 102
1832412415 10046
1471742217 1907
1735531102 6598
1917236109 24376
607298573 18738
102999542 5147
1729882403 1054
783196365 21292
481094962 177
1895824258 2422
158020134 15326
965250509 16018
447100950 4925
1033565743 10326
1603224855 12203
1788576731 20173
490599046 21745
328297931 2487
1672190888 17449
287045348 7952
837344036 9455
393449226 21338
1053872107 24783
909208830 13841
664596621 20120
2041124001 8778
1108822323 13366
468525358 2684
240419535 21857
178492462 22047
78508330 12957
782064318 23880
1911311051 9914
2106983963 12314
1394049497 6878
1826181953 10418
1330347513 12191
1705638737 14415
892632115 18591
972117671 4781
1511291009 23784
71884339 12884
439170851 21281
1834291976 6381
321642483 9273
248109533 11579
1604863422 19302
1060361914 301
1081888863 19489
823218241 14763
1419386133 7943
1248735785 2947
67395959 5281
259360674 24637
1805345551 22681
1099803190 24030
1011477017 3424
970376032 456
2029095761 15548
315695027 5127
352195622 22328
566975598 14813
1313593091 10456
2066681441 23217
1041996899 22693
1528273377 11248
564938071 18903
504645761 19949
737497130 14491
505040743 5579
1859908886 1211
1700373088 14640
1108106587 915
769953449 4353
1661966239 4354
1906106720 21447
786151824 6056
417944007 8120
1128290405 10623
1172162198 21392
809969198 11482
563775784 1686
325019644 41
255625912 6451
719650339 9085
1404327682 12471
14615175 21448
1982990510 94
2002407623 13589
1670613656 9075
1508425034 6441
677612930 14765
1888324323 13106
1295752970 18813
1041114873 3747
1856210516 16446
641854850 7289
1121408529 18381
562524504 22065
1775732508 117
1568965252 1401
1895909257 16711
1414943536 6797
143178523 20061
1049541843 18450
1249756798 7925
582867450 17946
176485820 7273
816375633 15689
2048962156 20205
2004830249 14935
1803585042 10952
1217449776 7485
40667020 9223
691483673 7494
423601410 15951
1468650779 5318
722113398 20528
1462095024 11441
10499945 13370
1597337190 682
1984981571 12363
958972604 16306
1096510953 15093
681654822 17942
1250072510 16120
743753314 4942
460798718 18881
514402553 6491
1188355316 12798
38727518 21413
86600307 24548
376350874 9521
1145974458 19598
591942425 19986
202396323 14797
981222375 6872
1507861004 8702
26371080 7907
1621584810 292
191856119 13266
1126509232 4071
823557227 8129
1686404944 2864
1062937674 12832
406168186 11301
555499796 7190
2145076393 20456
300548479 22306
1522415020 21855
770535227 1444
612558941 18277
1857829410 3789
1439172657 24745
305370091 18722
891845946 24461
1485177107 20419
731212871 12691
306864285 9122
516716527 19112
1467618722 11365
1115237565 13148
957124327 22833
581301228 12381
418352731 4405
299404493 5189
1453420314 6949
1855980315 21205
1265937441 5735
623090373 17490
776716137 5436
354193355 14954
1781619194 6004
986715653 17528
1678751431 23831
2083978667 11119
860656401 3832
233638499 1423
924242793 9420
1990722019 11033
1481273789 20236
935952612 18863
290475737 12422
537985097 16583
681120613 14179
121852721 2696
1870409933 6832
820781848 13657
878784567 24084
402332141 20075
2049340724 19333
1800092842 9684
2004060280 6885
633785946 11311
546624565 7118
175070812 11112
1135562729 6117
2100287780 3687
1148911894 5843
268379219 15888
1312631635 24625
1674513800 14997
200724044 22449
1590664211 5147
668682417 942
169424005 20402
1890091584 4227
992823697 5621
260369153 5519
1954810556 7730
347695988 3650
826794755 21070
1077399612 9033
1866649005 4118
1490287091 17185
1423215340 2619
987889890 14262
1932429316 1317
167978851 20236
975547521 20507
1965539277 22857
912458348 990
1219210036 9936
464937924 12902
754458595 4376
1939555341 16982
621936352 5388
197031562 3166
982527425 12342
1670595501 21393
1245264884 21241
179694358 4430
680110512 1859
1921596693 4904
847682314 23616
933307884 20499
1079542070 24944
2112584890 22798
848509849 13653
1270068150 15640
155645254 16531
815787968 14577
119169605 14267
264166162 8266
1833445495 23841
1439247505 5124
601873260 15645
1882555326 11212
975006830 91
2137581724 18118
1259980288 24182
1090546824 16968
1761079937 3291
376312474 12219
574806265 10555
1766613629 23426
1558505202 14351
574137395 22236
2034881936 1259
433705184 20502
1968109506 2726
793534985 155
178490782 13026
348919447 16609
760535679 20073
1845419017 2100
1186878842 21437
845288462 14141
1982740680 7631
1675877341 10397
62745512 9087
1697435939 17830
2092087470 20911
1543690220 16582
916511762 6283
367967419 22170
495095716 2202
1812695389 3920
1592576997 14588
705448951 21009
422108240 16718
54897254 8011
2045540359 14072
775867628 18294
845604803 1580
186994133 1384
225282853 12957
1304744241 8581
1809676353 15607
832527994 9183
1264288207 8705
1861391774 16820
1320304392 14331
1215940629 14615
601974494 17987
669685962 11268
1526090245 13166
2010979769 192
298654358 24704
490413629 5028
1811534322 18454
1632039774 17362
1595382726 10011
1640521281 20802
1863431944 20886
45152496 24053
1809459403 12441
1179172262 19011
1139764340 13622
1741242998 3211
492672477 18915
595490498 19213
1669771396 8415
1977243089 17639
1231539839 21320
369208472 11089
765920705 8647
1354806953 17866
1013706884 15257
1626880343 12801
1641804882 20690
363806908 6524
1016172920 12626
1199936970 22661
1153663276 20927
1174127 20499
1324183602 3806
640398478 4667
1142144905 21611
405720588 22788
6903350 5514
1777223649 16984
555749037 6986
1584077044 24545
1721897714 24507
783854014 1007
154671890 10373
1060776734 12870
1294064529 7435
892665074 20540
666759918 15660
439098445 24551
540796010 9704
959405971 4124
411458085 5939
50411984 1328
1996413387 4155
1932718801 11588
1084282954 6841
1033915974 22510
213199808 14693
1991990956 7968
427716079 17073
1407014513 8464
42489268 16312
920420005 4729
1653202665 12008
299793884 5142
1397875322 1971
1743407163 18688
1568947733 3228
1694923785 16981
109188975 8764
22934949 15784
1545046484 24716
1006409588 3631
2092229875 22135
920091363 10853
1293630446 20967
121390874 374
697927300 21623
969198268 753
2096040833 3103
2019563823 24285
253340154 20326
1031396297 2705
1314206248 24524
960712556 2504
1103832507 6428
1880722673 11316
317095277 24519
1965877570 24627
847888365 928
766367937 11368
185685129 643
344297844 1549
1884028372 4247
1270624940 14357
635537756 1948
63086034 10905
957578977 20764
1746587673 1689
2015202614 21204
255719373 18990
1334078603 661
795547914 13332
51688458 22521
1188298080 17879
1683358118 23482
1434036309 23241
426484269 20921
1350210387 5553
1126713213 24592
1349661784 10064
648105597 4490
433197809 10385
565256794 15961
84393172 19989
157997472 9640
1819678484 13049
19340597 10753
445626460 13323
464698167 23802
647883201 863
1660451374 21519
1057432622 18661
1331301655 14515
1180259725 13651
2028498215 4201
587745353 18101
1232621123 12849
1676625118 2067
1521365231 20814
1966987494 12311
2130967731 22887
1531067642 20218
589272388 15323
1674169111 24367
1116142396 2883
1963635624 851
1324381678 12141
1180223384 5813
32152812 15031
1181435823 10167
1305120157 3847
1781950564 2544
941269986 6698
2121394504 5811
489362319 21830
1156281749 2197
1545616780 2716
1268769042 10272
712336285 24961
2015435643 23085
830537460 21809
1792116942 9745
1951421608 16712
1245891917 67
1016145219 20574
563998111 15325
1578429348 17698
631396408 8457
110213616 18131
1757424929 14538
2075134507 9678
2032485378 11252
1189264055 11581
1350762914 18444
1902389382 21642
12394345 14436
252833877 18318
1851883867 6418
939509248 22764
1270955052 1816
1971237817 8720
1874751901 21987
1097732080 449
1211654815 9133
1580960836 6011
1978026048 414
1139361015 11174
356562996 5654
1025795825 19775
1900788679 21047
580342316 17322
2143067282 15269
475884713 19105
1243414126 17252
633061738 22758
240874715 18962
1568804195 7116
2121855988 14119
1966184504 19425
1127672681 789
1084154218 20663
1254285532 18404
1449030797 22544
2072362050 14479
846927115 21587
1318468992 4887
789426409 906
411873801 8809
967543680 16986
196805839 2145
2019578531 15736
1697153328 8534
94363762 8139
370899398 18295
1375108853 17012
127042943 20326
1276817185 2368
1345016135 10064
501949305 22303
986119417 13898
1016147843 6007
1075637701 9479
205397798 6042
1896492476 12355
109159904 10763
1447613673 21658
1318258872 10528
1405020945 18916
831414215 2714
1933465054 12822
1463137894 14817
339783252 11451
614088666 11645
935668268 18971
756600334 1076
913367899 8832
1239808089 14538
1064147391 20507
1396907925 7977
323868192 9478
1585521834 7716
2050100133 13329
1350398056 21934
158521216 751
277346594 21753
234418250 6919
964555040 24031
1452548754 10006
436085404 22595
204369702 4132
905357842 23298
1596383492 24003
1803274130 14714
1428985880 10521
1760136507 10779
547064905 1108
825535658 12822
1967367434 4210
305800568 4957
188430279 7025
1818414659 6194
651474125 17143
1110813711 18063
1455564610 3251
1030727451 2740
628256300 8142
1104986521 21528
395955731 7908
914765152 23157
2087406095 17641
1262319649 12194
1593938727 4389
520560123 18554
668180095 20873
1657987643 22737
1237773320 24842
343048807 5468
647278711 20182
750526088 23364
677487054 5903
1486665846 6048
1074657235 19011
938404749 7958
1657696137 16925
77134214 18181
1749764717 13091
1119199070 20937
2080238508 22363
1285756880 23891
1109532226 5034
210283751 4595
2348289 24223
1115290478 5419
811838317 11285
98529068 23389
1299845090 21490
224627137 20888
1112407294 7866
1883051862 18602
504821176 21825
1856518341 17383
1144257064 24694
884038430 1010
1977579611 23293
752599487 7382
2043649601 2038
1600823932 22189
371562252 19572
1124487244 15105
2132599915 21188
1334419246 21148
1931724890 20020
1366938443 15955
2121270296 6829
1084464575 20145
1805799200 6674
4883515 23728
1582362873 15858
837025827 2280
1778077701 18868
908630701 8894
1661824510 2541
1688410517 8693
1566055781 21689
1914757539 14325
1986935514 8258
270815528 23922
1330290456 2503
1266921884 250
1400048142 24756
659769003 7708
807282552 13958
76097177 3925
862724615 261
2128236645 9471
1229547336 1063
1129136928 14155
755697153 12193
621086321 19395
759955568 13708
1205731148 18438
1174466053 134
835253836 21524
343321130 19512
64864855 5332
842924119 3167
1750441322 23005
787397274 9790
666362561 3324
1476620713 1115
1597533430 17628
780671409 14092
2089454697 22885
2114285846 10698
144249266 22203
1626234436 10514
1963147563 15498
1689320618 13800
716599432 1385
1624928944 18869
332350173 5751
1364294572 1798
1954187435 17669
1607793088 16984
1532265446 5397
445578088 6988
1622914274 250
271353406 12894
1524978454 4896
273223461 15015
332178000 24630
320583573 11502
478604804 7608
1468947906 2904
127812258 19474
754010004 7700
311642895 13975
1730326620 13430
1009026996 8145
1680564893 17377
2122691535 8914
1726393700 22434
2096078805 3978
396899794 3822
1560329948 3335
103231998 2731
1035418819 12606
845161342 16955
1900740223 5327
1864325843 7916
547738988 8542
319691595 12995
2020554254 1697
1639831110 17237
1341539852 12674
705956483 3062
458982868 9026
762534736 9529
1217995912 15971
1588122769 11089
991023057 4232
342714166 1344
783047539 18491
1576640646 2157
2006888153 5237
1038995853 17172
155776379 9692
1730989178 9702
2144742093 14856
1555077531 15987
1791953165 21632
107922051 11498
31276686 1451
1289061743 20073
1609101961 20482
42700727 1670
1854916697 1651
1759649662 1597
1897039779 3457
1787517459 5911
1245558883 1783
2136304093 7672
329612253 18792
1231690013 17225
946352907 18711
1455463690 3313
1520216139 3545
1850530186 768
640242571 24888
264349012 24008
173435508 18065
327497126 21599
1851005779 21677
1428645165 6681
423541224 226
797978844 3440
595386311 19190
401431722 2959
1628703495 16524
481747905 18263
565111149 17927
648540728 16535
1768586027 7188
609481885 19239
426736476 14953
327275504 6846
252430875 21211
1984670799 14080
999798074 16077
905145884 23585
2055930564 2226
1324720168 11997
190017416 15310
688716188 6689
1157196529 16071
2123224973 14589
1380816397 23612
621418259 2570
1261436651 10167
87352745 23076
1143499682 24105
13458356 911
1292152347 10497
654986865 8572
1920368778 9178
1579708178 5406
1188955880 10312
1735019440 8263
1657893993 10801
489093453 474
2027313811 13
1257908639 2717
1354886712 12479
296586032 11805
945474062 2318
1142770376 21980
2056615 1485
459094307 18543
1092450938 9485
239083671 7263
973154025 21077
33017137 22468
973812919 2283
1655567597 21848
17936787 2554
128237369 19587
2125994534 15383
1223049573 24499
135699721 9765
1217903301 18804
780404570 15008
1796414327 17193
1071145652 12195
1246071954 1383
781268713 23397
533434443 7651
735120637 20005
776903150 22171
1333398206 9538
823465952 23282
1191691238 2419
86021644 23041
1796487917 17086
1500803902 22332
1370760179 322
770960645 12241
2147471893 19427
982421213 17933
2015271778 1342
1811214517 17543
335017762 13232
648981556 15427
1981449911 19828
1155225012 1345
1574916281 21000
1477451688 20702
1275835388 20569
1848845748 14324
503403659 7113
795735346 12658
1412586702 22626
727709615 13103
2117003122 15084
1078893770 6103
492237554 14480
193833418 11463
1342039912 85
305906574 21683
1590680467 3954
56052318 6659
44379419 21543
1792619024 22210
1074782443 13140
317006285 20119
1340421853 16760
740135208 15665
1455920306 22104
1819916388 11017
1999184179 17352
1811472190 22128
105051374 5945
1393639643 11292
8355227 13768
2129824596 20811
1117368575 24040
1048905747 3384
1945578724 8289
2121962839 23753
1773248898 2383
1745264698 11901
635631101 7455
597697049 24288
338525425 1667
1515976902 7420
1673525367 8565
1063584577 3540
1240461260 24314
913534045 15819
170279012 9554
451650452 13192
1664283323 2078
1956338404 9879
1675008199 23741
1537950142 14833
377909930 13640
57456694 3859
1268936422 21089
1036027104 13250
804529276 24355
2104871419 7474
232960247 17721
1358888571 4929
624574489 14366
32359480 22265
438867870 5118
1279275286 7450
474454088 19917
1635684152 10811
470774052 16461
1012640874 10235
684751628 20686
97775046 23543
1892183538 10077
387315175 22964
962708080 14939
75360538 18666
258730358 10435
955453880 4361
45676723 451
1018914190 21757
990412485 22996
529328495 8769
2108416167 5960
1393437379 9808
1713718257 19681
1971513567 24629
84287705 18151
802977040 16747
1634161819 8191
1738449090 16404
1851535126 24195
1323095161 418
144108260 7804
193394018 21628
1294355344 702
774365171 12906
863843899 4196
1926575353 16366
97829431 1325
1794320325 10096
2005455778 14160
1363492489 23359
1461442936 14669
381502335 14411
190400996 3732
979488276 15540
298008675 6512
101861156 3478
1233737603 5283
1100378086 22081
1675202960 11840
272976367 5229
367828497 9220
137531516 21920
2128943668 5341
525621312 14974
1418464316 7041
1782623946 23991
1012015096 9399
444954907 16878
634313413 6326
2010841767 22354
714477219 10858
1173478748 13924
779976116 12860
939142888 1465
1316745672 21292
880377439 13222
258452537 20985
2127819294 9059
914435547 21985
1468322884 12459
345084169 12383
102473481 6495
1922541172 20597
527268759 4697
549236321 1136
950549923 1831
1327587011 22246
1467182922 18515
1953663068 12304
2070425220 20743
12712483 14562
1361976040 16645
348629928 6592
1581918463 1860
1154202102 17184
926022796 13390
227032249 22865
626389514 1073
333588507 15436
1566566689 11032
1940737389 23516
1694665753 20965
2037865606 14028
1072670761 1100
1891170913 21399
180339960 14861
1071359734 18580
2120411008 5960
597533448 6060
1958954712 7637
500388399 11090
638059405 12633
633043587 8014
1477708301 10073
1931900557 18073
1456495906 6890
2007998179 11439
1647774919 17315
653794384 22071
1254455379 7608
561657094 8648
325122931 16185
1709992302 6160
980776182 2698
903519991 14702
1400035016 11006
1665569421 2698
1234734627 12302
673118882 7250
1765358757 23705
831112411 21448
1884337210 6833
373566713 9624
1789201474 7374
2102991358 13126
1724072237 10935
357916832 18179
2119592086 4871
73774608 2573
1963408746 8552
431369660 39
914893936 5295
1644183558 5837
328366858 23284
1241811733 7718
586279935 20566
1905266031 15312
1356368637 1033
585242927 22649
961238729 70
1160520628 14327
2123100453 15238
1463907567 19871
382686358 23892
337763367 24111
637961132 6145
621897470 20121
322918264 11098
1516829177 12097
1520659458 12880
510545788 6319
2025301651 23602
1118748805 11515
1310732809 22902
1838776951 10365
1866646474 11450
1885064140 10112
1461872969 8833
175176090 11304
1094468827 15874
479353755 15561
1610215018 1823
580681999 17149
103991386 22304
429011039 16861
1469704881 24997
556788018 3909
1448144268 10867
1453651630 3886
1999365581 3092
722329946 22803
1160318387 10586
954235091 8065
1613357340 23173
1777470630 7510
264748493 15054
562896317 11210
825243068 14971
1687698438 7163
481147692 12232
2104765693 23524
983773161 3680
835784061 13402
935125433 18530
1940925203 14455
2074887020 21668
1041527239 9266
942460834 16463
36968660 21208
1471979020 1366
1156799353 11266
354172040 2609
34293874 5130
463927236 24680
747886575 4490
102821777 10037
1375537882 18938
871008506 13481
870065832 14580
1468494365 24911
1250495871 2835
416798673 21619
73930345 13407
121771521 7266
1354512789 24809
879629305 2127
1841054807 3631
13423678 15616
1352551614 24990
788893961 16828
1289271588 14060
1976196320 17753
5989465 321
1340334842 760
469622530 7159
2011527745 1403
1189915073 1354
776090810 12904
674964588 805
324967769 16323
1008136344 5914
1865679458 3431
184925891 16377
1078565282 16808
1275996785 9216
1828316112 5948
1097674812 17389
2073485810 16479
398778564 24737
2129490098 1705
1475828234 22793
1329114394 20545
834494868 23381
1239556789 12101
604593390 15745
1188087678 18802
828456448 10684
1204892855 19971
832754773 2473
502405774 14235
1156585354 1090
2016659878 18727
918983530 16422
209608813 13748
653865856 21505
232836236 8343
1810958371 5566
1196568415 1359
1922228072 19396
736353327 4747
1018610477 9403
129488658 7431
692225246 8495
2028907641 15830
1858440698 19924
1224583919 13496
814114608 507
797713996 24677
1907228724 4120
1972277108 737
2031765206 17493
1629953505 117
1210482011 18896
578335967 8487
2132252424 3146
1915266012 15316
2062858545 21369
449847893 1299
1538223514 18189
1931837179 4983
549369923 538
1689384342 23582
478320950 24085
486950058 11754
271070822 8220
104948198 8224
1352590837 24287
1185803654 13427
2109980173 21805
1318963431 18855
64227216 5398
2143563540 6300
1930109657 1176
1789691512 10834
294261679 22634
18170785 7222
496395475 8919
1054503208 20307
1101231139 21516
1714798725 5376
2082613426 19058
81971562 1867
1396549984 9721
125730070 6294
1957865731 6215
1158490542 19702
1276340538 2177
380471311 18319
333043492 9050
891491283 13215
236765830 7308
1250065251 10425
839951592 19324
1140951752 12796
1280008292 9839
1669220447 24611
878866623 14454
887504787 23150
1914064962 6603
188015785 6673
701666361 22576
304231086 278
1357817415 10657
1627564219 14469
697694002 20554
1211953978 24115
1270018704 8410
1905106888 4551
1513387647 2757
943329175 9092
929403564 6484
1672299935 24407
244310923 9488
1788548136 18506
173946073 10352
869136447 2538
1110275581 3342
1597819134 6069
1556650493 618
300298877 16760
541245037 20280
1599224992 10796
1677363612 4071
647197799 8846
1956278900 21731
1801918169 15632
2018814940 7329
702518467 22214
477202577 10375
1371931532 10670
1380387928 5408
2034650051 24683
1619289299 1193
927791797 7771
2131658665 17857
593159459 2649
1336980392 21110
960090085 21466
130817572 13588
917351857 226
938616344 12584
441918402 15226
1498012148 17415
914952377 4748
2106292766 19454
921782551 18237
845524158 23714
1991572563 5628
1869078074 22481
1336835336 14559
261612384 22116
431151757 4976
2017126505 21172
804692247 17508
1776742305 12576
478983505 11113
1316197825 1829
1051270479 10301
2110056877 6134
2128377386 15715
1115870685 7687
2083286543 7309
925104954 7401
809168745 15937
1028210281 20039
1247151036 7100
294285518 20587
882130408 1362
1278747872 22479
469595450 14025
1700280501 5445
1061036871 3229
1776771976 1320
2048822465 16271
942045359 19590
2047572754 7571
760407120 8441
2128900140 24475
1370549928 11655
1413961891 9754
2031058937 23349
1554600203 21213
1185889519 13950
65262634 21209
42021939 15446
1389338842 18251
2138181465 429
1060440425 18941
1010612328 20330
582406073 16426
614238411 21280
469830082 7356
927258473 11435
971453191 8631
2128813437 24622
2143936183 12560
1245164577 13040
1896234557 18863
446870700 18688
1463356126 20730
196378174 3914
164196146 16284
1559992193 7130
1447947836 5252
1882440062 12159
1009074030 686
608186851 12104
411664642 11977
1274981611 2238
355383284 8064
1961913948 14020
1270336252 2676
1749122827 16061
1664170854 6414
487330123 5317
1648289845 756
1833190435 13211
1279841111 15506
840318256 6990
396407076 13771
152570850 1108
154200079 16701
1386447147 9740
860770896 11592
1649741028 790
1381117262 20298
1937608012 8698
1915572550 20672
1272763758 24720
803100339 20109
1376550880 8073
1981265023 4471
2025086823 7224
405525283 5387
69725039 17456
476134352 8639
1539272672 24911
1855827550 20597
264545641 24550
570643931 10166
1709819602 12604
621004593 13539
2114403956 10442
995769223 10371
1303768566 9633
379217784 11946
1969636027 5894
1233970824 21938
1857673906 3267
158753854 3209
1024875363 19677
807908910 18524
1390105514 19915
72888466 6634
1752873931 22294
2016073183 21074
57226457 923
1466138950 5064
143972652 14134
874133718 21789
119308283 23337
228512354 9876
1919009436 16900
24669644 8178
1395163828 14187
1580489923 19449
2096532164 18573
409453540 23159
1028072778 14057
844624717 11684
1769521445 5676
1380915440 21778
1193004915 21826
1087618114 5098
1829981620 20884
97327329 23396
290823754 462
468315498 15787
1978822272 7979
200740521 15629
450226427 19126
168620703 19045
799500875 9981
22336231 309
81419363 15755
637405035 1566
851268077 7564
886271550 18541
1668783686 7303
51680882 16642
521885265 24272
2033338075 22389
740786380 14740
1683283826 7189
1146092285 14853
1159933766 21199
169445167 13141
1987466941 15648
2093204197 18061
29274072 17851
652494439 12197
1695945010 783
2009853873 22972
1171438418 23507
651750326 18725
1934540573 14763
2070098498 21197
1921786412 18883
1583540018 7192
897918747 1862
1284578702 13786
821250474 10698
1514622406 24275
891891504 2046
866971371 14240
475915475 19516
51201113 5154
2111761276 4946
992807029 24662
1497475153 445
1112368348 17462
1541343565 16407
1279506069 19994
919327932 13077
1516229912 12075
827590355 22383
1872672899 3668
455013770 2937
315819973 3567
225893846 7928
850555321 22023
747181131 16269
1209974332 9010
1288900574 15464
1509875494 15814
180628310 5060
1406170709 2668
1160924843 21082
1487766772 21104
1508014030 18327
1944329914 15382
1127809003 23174
2137508242 10907
1785689831 7827
692653099 18100
340903868 8211
1735376373 23360
2071490669 1393
1996274214 11850
1213648844 11710
1095397829 10115
622165158 5379
1113661147 3563
372374507 24708
1409137531 4077
1457326665 1488
1830203219 5706
780737220 5919
1416302086 13132
1623759782 20510
1216691243 10436
1166245052 17559
784823672 1491
772551487 3525
1911428418 22242
666239335 16433
2012935726 3386
619976890 17246
871069805 5606
1305456589 20190
1053729034 4665
868560771 9544
1071721624 3831
1484824969 3088
1440660098 6443
2142722403 10135
629006519 17352
1110724680 2718
1261758450 5879
871699314 19615
1673004194 3794
1317935780 21256
1116378695 642
1012046860 6415
740563456 21469
1466084804 8815
651478546 12670
1033039275 12603
842587704 7656
931615848 24008
1249899284 19859
1204730031 7555
85867796 20516
938191690 18775
1517664096 16526
1288436268 1774
546814406 9406
1462395232 20616
1785398016 8919
1443453582 17840
1099360142 21169
668585961 20177
1120184755 23042
227814509 6357
26367958 10967
1677677645 14705
1223481332 23282
133321639 21973
1281585179 9489
385590492 20654
553175493 24785
1783998929 5043
1470733202 1982
303803506 11086
2119600177 13512
313449917 1245
959966266 13962
42917983 21292
1620890730 6379
910852247 17037
2030922354 16452
199957175 17947
453245823 23891
1796964362 17636
1634271720 17079
1883790364 7562
1277041698 5185
2004604756 6048
594759583 4778
248108606 10415
1676156459 15748
417254752 10349
901521661 22453
674439678 16245
1107587733 138
1759441853 16418
98936221 23144
254138831 8888
1295889511 8436
1492290917 7131
965157634 16993
1970948868 11186
333095929 1132
1268464342 22548
1015788183 8481
29533939 6504
1543396505 8569
1179589484 4436
349242162 14287
1218911694 22324
786898098 6324
803423933 588
1023433466 8496
1211366276 10814
419544559 6408
1526533768 4714
35490742 21656
691321502 10470
415913172 2697
2112401224 17772
355755312 24956
2083811428 4501
649013148 14631
1702758282 23437
868742960 9811
465906222 16967
259499153 19758
299684218 16839
590154412 17473
2020613508 11270
1075925251 8076
585656552 24123
167256242 24081
1336126875 14131
25108602 9178
1327188374 23445
72681701 16555
500648774 25000
598731226 16411
241362376 14253
1009118803 1887
1632669839 14105
3505399 655
972141632 9736
7010323 7006
1470433154 3600
841836504 12271
784874893 14236
60677078 21240
1328504717 3544
1257521434 18615
1188777962 1643
419471513 10025
1634514144 7854
871000013 13960
1512086343 24256
1761248991 1566
1339322189 21428
973306229 10493
1506018866 21229
1357324494 4903
879630085 6031
624116385 12960
396616098 5966
641066571 3493
244049454 23304
1207105838 24543
844058746 10332
1946058214 15887
1499643322 14407
1427149380 21720
1857816373 8859
1765738773 9066
1275769010 9145
1286837029 7866
1448659376 17304
1734394911 11028
886090774 6016
1995487118 14736
1719358345 20431
569036249 24661
1638961327 12766
1455881139 11887
344015979 12775
2114497096 14950
1611568161 24931
760895001 22381
711396549 6541
1469918597 5895
322050282 10953
1357748620 8013
1301925327 3430
1562721259 1310
1453476380 10055
1809106999 13371
629002943 19300
397511484 14242
1349573132 17573
754709419 13570
517407449 23886
1461996965 8613
2113941826 16231
1859566559 604
818333081 5808
1627095959 192
2086717633 7550
1961187973 17747
1786717527 23422
326837172 2810
1070269841 11234
1733363304 21103
1955895903 1390
702176626 23705
1785118310 15818
1790220405 21999
445413049 18500
430025770 22041
919789756 2242
1483083197 14625
478468928 23679
1107489459 22384
246217816 23145
1526628578 15155
255071189 23455
1193905392 21485
1750071953 9776
1002725617 7039
117419804 24681
353425347 9286
330304757 19023
1694204102 815
1109315433 21497
1559619574 19400
1387939391 257
1139187903 14861
366846340 3600
1962891447 20687
1479687363 5966
1331205122 19155
294966136 19627
62983411 13275
1523944450 16553
1543254102 18199
2076890820 10026
645848791 7092
840902227 4977
663893157 19778
755805003 21961
208817597 15622
2038326369 7161
1964499233 5467
1148622522 9526
2020884176 7616
1052231813 17996
2055678484 21227
411448370 2530
652265797 109
362220823 5848
1219144667 798
213390012 20257
783583928 18250
355426506 811
1669526004 15145
727931781 10129
1975941363 902
868335943 3743
2033766776 19769
861531148 12166
1591365267 22413
58769708 17033
1296657448 19902
1115868520 11224
700542421 13379
193833779 9507
1171236693 1324
687394854 18414
1307592903 6904
1286263403 14221
1796938064 16731
1945540192 4947
431338376 16321
1383794051 6541
907584764 17733
1977093301 4559
472009058 7664
1571862117 9127
749343442 8728
1406918210 13215
702144035 11285
898175450 11122
1092245074 22966
2053418945 22209
1446900668 7538
949383771 18587
1111377997 24711
2084585057 8129
365946493 18494
695018026 3436
945090440 21030
1661213158 22754
2076419061 22644
348086770 20799
637059086 22033
1986503137 13970
1698905133 16345
258758136 3409
1806070011 23877
1522269376 24614
1693767106 8010
1917422461 10030
458961548 10317
556264198 23088
654839456 5165
874416555 21277
1325867203 1556
949666481 14416
2097091183 16208
685394268 20462
1549199593 14092
1838715843 12149
1726708540 16113
1462144026 7988
1439780381 24732
462715813 7339
290431198 10719
1199356326 8821
45661635 11197
1018144474 22408
198516061 998
2024991043 11885
427403767 23281
1010876038 14185
802220402 2641
1415513143 12505
234783566 18435
787633790 16382
433417200 1054
277191213 19987
571943557 1484
2026136622 1669
1214824392 1483
193703221 22721
2059858808 15880
1508487376 20332
1540544173 20849
765107861 19076
1101682292 8387
1894904154 10029
643299767 7312
1168229179 2952
1260745367 24740
1057380203 19886
403871423 2286
1551021775 6542
444764774 6734
1285550772 19092
1447818984 20360
1143133110 24694
1143098449 18745
827740466 7634
736512701 6492
920125238 20115
1970010876 4787
139681996 22395
563641573 16710
1710177285 23047
69728635 9678
1158541808 24061
1118092669 400
166740361 16278
746968370 5625
1231033303 4845
700455291 18830
1475576907 12865
85723068 19755
109878205 3191
490416940 14021
1017725120 18519
749266560 1920
1708214146 12495
1163687824 4480
106656692 19882
280342763 10051
1856236600 6505
523802239 12078
978875322 13552
576798545 21441
429385699 17033
1798477839 19134
1347325125 23158
1576793368 16433
1832758131 24494
1347992136 15717
502239010 3222
1316233087 11259
877703873 18534
1511399252 16246
144680022 735
1067610049 308
263644126 12395
731829311 759
1282265377 16577
1361883080 3667
1935646829 4503
483786 3257
142321360 12042
1496813128 17072
1675789967 24916
1223753273 16610
1286454329 23360
1915657531 12092
1615382653 12037
1595480157 5806
852472088 5381
323665246 5810
1456289865 12131
157855303 22633
711036231 9119
1430960802 9276
1586598807 18116
2137747732 8223
1336429375 5838
1068699768 19993
2061989746 4544
2052953136 1693
1394283080 21123
302074584 15197
1163754630 10579
1348755541 3555
1042229108 10517
809311134 14146
1138456405 13313
1044606595 5503
1792934508 3580
1022216889 15656
1229324950 5245
1953304992 13673
1700124653 24252
612306827 8137
1609779803 10317
1320579947 7784
2046455283 536
866201009 18266
937375594 7049
647714943 3888
128387041 17048
2064086939 12562
2040077247 9332
1795450814 13941
767479019 9169
326287009 18114
1653810001 20316
1463665758 15890
1432223325 16160
77637033 16545
2015287384 6838
709707403 8794
1372559878 8133
766488049 9541
133327462 6848
1906358526 4620
1438849799 4801
987412793 20511
992924205 1625
225514175 19602
1658166788 11439
999555518 651
1413439132 6209
207737459 14970
1329585011 1154
2000453236 11075
1492935004 2328
101742455 7699
1546993923 21306
1712790077 23103
647911278 19040
1116016372 1860
2049208254 4859
1900309745 17359
351076543 24691
1232418526 14734
142154426 10918
1473570788 18782
998840061 19241
2104806329 15169
99393267 13760
794133226 19240
1252304112 303
1730493045 22056
241125837 18555
779459352 20295
387982827 18198
1713468324 13319
385825587 11604
818933849 7713
1455233470 7692
680798391 4816
999290123 1020
1840192413 9128
435510432 14837
1304758816 5383
1817340795 270
1193814547 24069
1189603563 7740
694662734 5659
1276056115 19911
1712383145 459
843355852 10444
1307241159 8150
1081653974 5102
173845717 20935
1465371465 1753
587734554 225
1522037336 7651
1335531672 5636
2103155281 971
516391457 11677
683252545 23906
1384743292 18623
11066892 18718
30694097 16009
1275202000 7830
952038506 826
1046008022 5686
753180086 16702
619014893 13305
1110110619 16128
563547136 4064
887165122 11515
7164897 12
202720385 2452
1944986931 23822
10815556 19222
20559875 4619
1331286119 1413
2082210921 1687
229842852 7882
1074670764 21322
778435235 17834
1758638166 21141
1213069500 1107
1202861356 3472
411166659 23801
189216344 6666
1874638 14158
347704787 21466
1928482685 4444
1395457824 24757
118137318 24886
979390879 10473
392276087 20826
992159237 20009
419223414 6928
996131940 17166
1752857171 12903
2037511881 13398
462917811 12658
1002230588 2957
1637451858 24060
216678781 6262
37317788 1016
890329774 16271
2066639400 15506
67260752 14204
1990186120 22583
44519541 3637
273016768 17128
1578503554 6539
49923784 5668
1613596710 14438
1796722441 23017
1211626804 3584
1517366518 5491
902599402 7908
1791590753 19550
1472359105 19617
1433448912 8191
352949013 24998
398793212 16883
1317627045 10896
1515463256 2439
1261149339 1760
472787507 9221
353350750 12044
1682068359 9989
1668611778 2577
1978609107 17204
202084706 11683
575780018 6719
2132857416 13336
1341379189 1311
984065808 11646
599597529 9175
1603489068 4178
1479380473 2857
1618584463 492
633581177 16494
12632437 7416
1822811393 990
1999214897 14764
1955592000 11900
1001983996 11611
933270210 12206
1751452392 11878
1987408719 10681
1385683546 10097
1806791641 22001
122141905 3215
87456746 9421
296918821 8789
150340170 22057
894611787 24546
1705063142 4106
1036021208 11564
1487091378 6099
678760354 2387
984308450 22977
1243440055 6329
1414350848 9195
1677149359 446
237605336 9247
1365397743 23697
1051338208 7384
1287748209 23295
1996792057 7532
1357144210 22657
1267712763 14267
244437120 15616
2120256462 5069
399768478 18836
1614975588 14418
2050815906 21667
1504333430 19093
538364133 5881
247136417 7673
221029994 8397
326808773 2846
860031843 7330
572841625 20171
426127091 14316
1042757355 20537
1190798785 9754
821381894 12843
1799016739 11748
1119192865 11329
1380312531 14641
1848696178 19389
1127086749 17534
1492233691 16228
994544561 10437
417808807 15789
1414137302 9286
202484979 24981
293505565 5333
169820252 740
1464189991 498
520127503 24207
760184091 20772
940971239 693
1850076314 4546
403672681 2312
762090960 4316
1399521918 10634
2109528117 4405
707502389 15365
1982832096 3985
2020853373 17712
2088218669 23599
1611041145 5122
1070299668 11845
475030698 1903
1568051897 10820
1706623648 14155
1424492656 22479
184215044 18498
2554054 16666
395339438 23669
717184747 6652
524021080 24678
1360161213 23299
409959327 15093
370213301 8985
1496402148 18206
1288151890 13982
1260143047 11062
1462754577 17193
1457658258 15491
1140187543 16857
841494993 19158
1409097457 20893
680259120 19324
1248435113 11531
591318146 7712
1169705101 21744
1839166993 10233
1513366888 20434
1805406802 24503
1491988729 10506
1092817406 4080
268856047 15538
887244127 17817
300823888 24545
1293165817 10791
1172558385 4989
1014879007 14436
419164071 8851
566454999 3425
1949908977 3870
360390939 5667
1244292100 567
958548103 325
1973606476 13945
1035977748 18950
453650847 1609
971623014 17250
1435316441 7285
17181251 2100
1811478746 8549
972701595 18470
1462900297 10101
1177047987 19306
1446060332 24594
665232872 4192
1833178461 14422
931103409 10415
279506063 15098
406296284 18203
1413080164 12985
1324738304 9465
314068334 17454
274207497 6247
350246236 15863
187722289 21833
858322213 15077
1419286046 2088
35532100 17069
1265124518 2298
1982845376 8311
286415747 11899
1917617637 3309
663997314 7106
1533988426 7395
313059959 1620
2130453622 23169
221915371 21612
53466300 24226
904314590 11231
285769734 1643
1633796763 20967
1825817494 4980
972998124 4694
439278265 18066
244878566 9507
837293725 22417
632836825 680
1732676888 6663
2127866215 24596
1553350654 5857
1354292388 16494
1211391946 17497
105810626 9986
1216678348 17675
496706956 5168
1490419401 8793
330863043 17138
566144479 12826
1427159709 23750
489856915 513
304466097 9444
1917521153 20285
643480484 75
1417687937 9726
57987333 4124
1399880128 5225
1513669078 6734
523747901 23616
359619856 7322
1631701092 18233
135176841 7770
298447379 471
528970922 19863
41177295 9117
512929015 13546
541791279 8787
906976739 5712
1164056755 12148
295263779 20276
71791012 23733
363284242 6793
1392032361 16439
949170056 939
581800566 4134
1982032590 8767
447431533 19332
658972500 15277
1003323441 21053
1469065955 2918
1103482379 4748
560504636 19240
968901627 15223
2139292309 8616
1807091392 1117
186404835 18416
1356401840 19152
168246338 16572
1040019236 13935
174952058 23487
2022312959 12227
2136225848 20992
265884345 8413
2004774085 18700
2078511299 10930
781377686 5131
912380863 7861
775463478 12911
688463180 5916
1637320748 7254
1183884107 1030
2015374379 21372
556935290 8450
224929652 15882
557582252 15533
376091764 20335
1748494333 14351
293416618 1555
1230825495 22925
1903150760 11338
1722749940 4984
1848217214 5744
77472512 14330
62239644 12499
644842791 1858
1294177691 2663
1653610478 20915
1579910966 23798
1593251113 22013
1451188671 4823
1164515165 10518
655893115 15794
1855836189 3430
2136883435 23833
438226182 17510
827309812 8519
1377474626 1702
2057212027 5187
1986203176 17561
2079698205 17572
1976307369 11198
1875894434 17919
1884859852 24814
1975605343 14037
841377168 14607
1875019497 2252
320607137 12690
1715870472 19271
1553822951 3680
110863898 267
137628042 12043
2051047041 8372
1763979831 1007
330253724 205
685098285 6002
1402578320 10635
1455877150 9704
721117572 3211
1577165726 10064
162370280 12673
191415774 7161
133477061 3218
1386502916 15207
334423572 7330
1303942986 8641
1152546261 14349
575134546 18692
1688723316 13477
79756806 6963
1784532797 2887
58613848 8586
541783122 1676
1566771472 9996
840245451 13631
1283848256 13308
618838908 22498
855117732 5947
1060110564 17341
1755716110 4522
960259639 15747
855046753 24375
2066317022 5235
39019901 13798
202444826 22891
1100441527 15296
1061811454 22688
65252579 20872
904238077 17745
1330319735 11822
1626467036 2643
960105037 19432
36470683 21036
356230106 23188
1402434395 12944
728493573 2274
1257047073 13680
606929006 21592
1899159741 2519
1996921881 8088
68538936 6048
1966792482 18120
1789394286 9971
2037459688 12910
787082802 8718
619111118 24958
286115781 21744
1293042457 2506
636679488 16159
1191875283 4038
512742644 7322
457118957 20005
2038657661 9787
148182431 7329
460665572 16975
994769475 11932
1616914006 4849
542402005 23322
214691893 7686
336264268 9376
980149470 12351
330131761 16442
984608206 11151
879093751 3722
400045824 15120
1658879155 11017
1096093909 14344
1730638014 14044
1985923929 13318
1771307001 19809
1847394512 15184
1432221854 3400
1733961857 21631
1499296522 2208
342243052 15040
1379094255 21750
954426255 5507
1750216673 19234
463545726 1929
987203064 601
1620397652 18147
2128043931 22108
1674125450 3024
1456912255 23191
2034489888 606
935962884 9933
1150077103 23460
1182100576 2114
100923051 5403
1088363373 16225
1908431708 18449
561862136 7570
439151403 18010
1462896320 2827
984775668 19769
238635062 13901
1053613431 5309
1172736935 7761
965175647 7382
781543894 3744
1275798808 11958
353286977 21328
533886843 2436
577764581 18219
1352602663 8718
340295645 7583
1474753244 6288
