2140326848 9262
291690122 17148
2016244758 19446
1478385015 20465
709934411 14982
1848484255 24160
307915042 22187
732302710 19254
853681792 19415
666209917 2504
1418666361 14334
797016036 6079
980414815 20761
412972037 1036
1510907867 6425
347674300 13219
521364440 20499
1895637019 6438
1985798580 20279
204710305 674
1504733684 14898
430156385 24719
688331498 12275
1485064616 15551
1544984684 22137
1029010709 9237
618095443 23378
128043000 14374
1463200485 12245
471411810 12317
1666537833 3696
1406556238 7072
905834944 4349
581131430 22803
270211112 806
357366168 2032
185445836 2701
336641367 16562
1808104019 5521
293174396 23343
1466352465 17335
189183361 8108
495768190 23820
1172246649 22947
408230531 5760
601219681 6187
1663854106 6488
755754305 10226
1192111373 596
1891789711 22899
881896031 21398
1410738990 6556
456696694 11424
960997864 23414
356117677 10935
998742152 10795
338299167 3743
150569473 2361
1244346459 17249
758296029 383
1029547395 12771
1574162246 23680
2132960840 22388
1594807044 15179
1695415491 5244
214028915 1352
503337595 14297
2135225352 16632
1577534560 4440
1700892759 20377
670598235 15291
1432906543 24170
754174893 2402
1006934437 21465
399134838 4574
584693103 18393
373972637 10727
11985089 21677
1870806753 6112
1096905994 1851
714698822 19068
1552992940 4138
1658960169 2782
1733904037 248
929618951 4183
718534500 3948
1506447768 11993
1634984805 22135
1112398669 13717
1892499723 18888
1194750334 7867
156849116 12968
602654532 7089
2078492337 14035
1922094292 342
464106750 111
624084090 23461
370043352 11099
934057282 23878
1438103420 14211
121758897 21393
277663061 21378
1843642882 3926
1274965727 24300
799786440 1689
1980843853 12629
776241201 23107
1711588124 7026
78660956 23207
1500330906 3398
1054213393 23229
2124449867 7857
690512897 1224
239400763 1557
1029612455 22583
627610482 21258
1143942941 16430
1085776632 117
1427834953 10806
1585213620 11903
582474835 789
169950264 15042
455228084 4682
222970478 14485
91791506 24388
1991746922 12390
1969961971 23834
1733912243 14704
1623574526 1263
846450740 5005
1746810906 16403
1214317765 15338
1654632274 15901
2036977788 23104
1174054348 18875
1637841077 5921
1467670243 10608
669707011 23791
1039503590 23180
56454932 7837
2022849343 3179
285822145 22612
1368112484 4826
59714808 19315
574415581 15744
1752201154 17136
1690711759 18250
671707355 3066
1797737064 6835
46679903 24339
2086295595 2546
1874855719 10010
57434380 20635
526042438 185
792659155 14527
71353786 1894
1963418147 23098
1614289117 22536
1551517111 7452
857960384 9280
41357518 4791
1117369766 13122
988157223 23553
1435261598 12020
1907262101 21052
509928792 8955
1346481443 3076
1751920795 8627
286966931 12175
1785412117 15720
17739588 18237
1610252063 11417
1496290721 19145
89406144 6790
1483286444 11498
17747718 19726
1880997648 8875
664334471 10889
337657521 23166
97366854 10486
1296472842 199
78902650 7491
170430943 13892
1255444677 3168
1531301662 12216
2134912487 13520
1443894243 2153
1319848236 6099
1228507122 6593
448727253 2107
706027794 23490
917639565 886
1232883748 15660
1946590774 21971
598066016 15502
260524425 20203
464440037 13878
1359175629 20166
903315714 18386
542926331 2804
1879367081 9179
524363444 12190
1204997676 15039
263336949 14479
1748177071 4763
1198584034 12897
258422607 1716
1696997785 10653
1910844255 7700
92696219 7688
2112051254 9585
1893554911 23798
159827092 23453
41459418 22305
1805734091 13612
1422051850 8357
854059215 19600
1388408309 18032
1753309075 24435
1893341495 8557
423834623 14542
565695723 21317
1206568175 10822
126995926 1605
819886074 9291
1456815653 6088
295322588 13820
18348100 12256
1841262441 4030
874283167 5602
1815673599 2723
1802377475 12307
339322099 18460
299868159 3785
2130552419 19456
1687993974 2862
912994071 714
2087396451 11664
2038186689 8561
1323658574 2849
1323635206 9279
2026701933 9098
1589373109 295
421177118 13257
1091767840 24732
1228757784 10780
1687093295 18785
159732080 24579
1113063330 8644
51565341 11376
43946070 23137
217324864 6143
1413698078 22431
1476528238 6583
923087881 2347
2019667979 7971
1234533138 14999
5796318 21398
1635217171 4695
1217015077 12404
1059816001 13286
1899784785 16658
1248018272 20765
1732241500 16794
2069272228 20788
2098397264 2752
78524980 2600
1468295917 5089
1108826580 14293
1533362771 2170
247702955 17872
855679650 10449
1576188426 7336
1560499849 11530
380332769 24902
49433152 22436
577529923 6133
1789114714 21128
229078934 4333
400045284 22881
310689534 5068
795805976 16485
1275703922 24467
1712081303 14312
1323193078 3102
1013173326 15051
653880093 5549
1355420006 2638
223566111 13224
141025144 8643
1719702205 11065
62097212 5955
1880166506 887
448907917 5008
1204234175 18825
177793693 12264
1105354500 20177
578386670 1005
1835584266 6309
1670339252 15877
1560752769 14376
612595342 8554
1268569049 17466
2017384827 7258
1010994863 1188
699089826 9282
1964720266 1784
304959470 20060
1927482711 16368
730170621 13625
519812294 1271
258763122 10892
1230480235 419
2030940813 10089
1713061341 24764
1917719118 13438
948248158 6128
32862546 6406
1676061395 16849
1787165986 16321
118891964 22558
501280634 6581
1230396341 11737
1477688264 6517
1625974029 20811
226660467 2749
909550217 17072
120567731 21289
187289588 22210
1576565885 19040
585054706 11912
715970753 8696
796720010 612
1695451078 24831
393274632 23889
1989256329 17503
464361228 24506
1270486377 5416
1395404128 19061
99481593 11140
425707275 22950
767139870 14801
1079350859 2304
1853055733 17577
1379374843 17170
1457521770 12839
1707688055 22579
674736634 21897
1570936079 23422
1763628784 307
1340840221 10451
2122014712 21262
1039462784 9391
928544533 17648
436590731 13898
673835981 13645
537396784 22105
2122309870 3207
1113212839 2257
686052209 2707
939928643 16812
931343153 24741
1098434543 24901
137588603 23739
1823090215 3603
34590479 338
887652719 2684
1532701465 10877
1356487189 8926
848784792 22746
1330398188 17322
1937453011 22512
1576903301 921
1763647989 17025
1274711766 4749
78077710 13123
1495885575 3607
1926300921 2536
915185223 21994
1460673615 3184
875980391 9346
607933789 2498
637808344 24217
766957578 13137
1714126800 644
1190672689 24568
621007326 11640
1169610401 11667
1677556461 12240
1306938933 18271
667901987 6612
1476245997 8523
1554454343 8801
1405715758 15738
306367824 3938
1831284180 18421
1016326995 7645
1374639031 12969
856477972 15464
195510059 6319
1864254938 7904
1348057329 20163
1083870774 17891
583348517 4667
255732335 13660
158644115 11351
373502432 9292
529665533 23789
474420507 12836
344732243 24681
2011685007 10352
1782466560 10827
1579795960 24032
1385053198 22949
1709716166 11748
726990169 8666
1400867726 15
2098667895 24492
580641201 3388
1768916612 9278
573224438 24052
938024118 4986
407162854 17801
1606778082 19291
2070866292 16185
54877083 18297
864773412 5655
456721244 733
1084040200 21563
2134497810 1883
491998214 1651
789525241 12789
506435629 24
1560149189 19358
1710490942 6262
149089174 3219
1670737271 6347
379242354 15716
625357406 6
604902147 1266
1331168642 19972
2124275340 22666
1958232780 15576
1080025034 660
396087231 13683
916654702 11823
1107569301 23888
1321032283 21232
2047937658 7133
34438803 5408
1286427779 1116
1292848472 23833
2098239139 17989
1539465264 17742
687702748 11205
1147701233 7627
435103065 24612
203370619 16949
1292894984 2106
820248161 14773
1179906687 2193
1645140153 1016
1626422669 19293
610813292 23237
1395216233 19194
1150198598 13022
1520533529 19318
2072508076 6793
1089752846 20909
299788368 22961
1831376047 824
851324414 11498
1484285995 5891
1397237147 5367
416672296 670
721865485 1803
2026251879 664
1119974142 21661
304137520 4976
58446589 20171
1332609743 6698
303047426 20264
1158886860 13048
1324127618 7863
1820151377 21186
1632084243 11974
300312881 12733
1309808619 4904
1957716900 8011
559146270 24482
2040122757 13593
1189899596 13647
1945403909 23930
1850501053 2314
801088732 9767
599603179 16459
1436008734 1362
411104669 18966
1018522068 12296
1789936751 13794
1803462476 9127
1480616999 22337
853138206 6810
369144610 5292
1536676425 14425
1200131573 14707
1295458551 13391
536936621 10158
191514725 10901
425086759 21001
402543655 8110
1060031993 19211
1966711434 24924
2142261810 8737
679093703 9600
1985272999 2233
232235468 7406
1593347981 24271
1573771782 11173
2085714737 15771
1097320349 20962
1438373612 24649
1805117132 3550
1118158907 21785
2051626087 2358
886709897 19634
827968443 23820
272645399 16079
1900946361 11450
1278680829 22027
120607575 11341
36228841 23018
85895440 17217
932462310 15316
551292735 8932
1305292535 8256
1363357104 9500
1934275784 7761
167631264 15712
1639508668 12998
173444861 10105
1050141022 14381
1055954496 17787
1950592467 4097
586271943 3003
511736915 537
1788192345 22124
191686787 9546
1106196517 12966
479820706 13129
345037924 20412
475148012 12617
1993499244 1951
1283204333 17232
362194668 21834
1063773003 12095
1417378472 7261
138601299 5833
209876235 8464
2055372311 15938
2036635620 8757
779408997 5601
737061284 4885
707186635 7290
1116029967 21013
849144379 9091
225143611 7247
393185233 20676
1354035193 16271
1613419808 7738
1354913257 7809
1510648264 1735
500746273 21755
2045126540 11762
245675195 1051
1940461575 3694
301345717 24641
725702480 8422
865064667 12573
1725485507 3575
1718544411 22975
1234849947 22011
1551663168 15585
448230850 15488
1591589471 1145
1777492097 13673
321216661 17670
894479952 3688
64356998 12259
851624712 7811
254479015 19948
926516162 12619
2092965311 23919
382245585 9023
1028708696 1078
606308129 4028
255823721 3431
1062365761 2235
575988459 13034
1849335728 19711
1243963292 16995
565444003 7487
175423218 8710
1191703359 15194
582291479 22599
1024175273 16947
157263107 7076
1706586425 1719
1447196014 11671
2035317380 1205
154908261 6472
1451233468 665
252029076 6279
491847666 20534
2067116156 18672
1869871487 17357
1683552080 9789
1379487874 6362
1786831863 20400
921886458 19770
1516121102 1717
672124214 22564
1644797955 16911
1419338510 17208
761877824 16208
1612174247 4883
581732261 12777
560347699 12068
1017269722 20922
316933778 758
371929371 3186
1380473864 4972
1929400108 9172
874240002 4941
202790029 2225
423888472 11205
1175666106 6982
117145486 362
536960635 260
742583121 17895
778718072 18662
1678182145 17208
453099441 7455
863232009 24254
1081435115 17824
575358127 8280
43368492 13714
1544261474 24407
747848936 21865
444650136 4431
820730831 4912
125309471 22135
1944019094 13370
1323524405 18976
137666309 5480
852552534 15958
458651530 7848
979643954 14577
675990236 8140
490648250 6732
1026844625 23262
1756305798 2763
1539293529 7797
684542723 9428
938403133 22427
1414077708 5477
776985906 12998
1528637222 24681
738996237 22747
1892809652 10241
2142301287 11568
1411126827 15303
1608248201 15126
1000004652 19225
648022272 882
1901954759 11536
1933970937 4881
2007206556 23975
2015022627 4008
538437827 436
383467403 5882
827018757 1931
869564120 12835
1013506523 1543
70536921 16658
651011983 22295
1073089491 3759
1098498145 15740
1520092442 7070
209983562 22095
1786619819 3305
9744238 1186
776990849 21094
605723742 4467
764804133 19368
1173339772 1396
1953274215 4329
238427743 11144
585764153 1353
860212995 106
1591997934 16825
1316633719 24755
1230064348 7753
1734180649 17266
627309924 18610
213879523 21562
1571246742 17130
382117524 7614
646869329 18374
192176489 8508
536957415 5004
211403465 9644
1906096607 22147
1156139308 22491
1708198009 9447
775151789 1202
536146119 6422
916441998 20464
1199983713 10038
1187544199 13228
1261043286 3014
790711971 17432
1297736448 2967
230893973 10965
476520879 18928
933433645 1653
1123055281 20638
2138209445 4296
328197140 23580
872690405 24889
1123563261 9467
1648459858 9236
1297499108 23361
1838727249 1926
1513741325 9096
1753786911 2930
40015312 7271
303782308 19901
1717361657 20515
292951196 23391
717079008 9129
1900319389 11486
1416105186 15168
1706438523 6002
1891075792 24845
164512137 4693
326989555 11569
301095499 12705
1655445754 10216
1670209794 13447
1290367379 2587
587879298 23429
967803226 4588
714916941 7364
815821064 6543
1774780993 7115
1216621342 1501
1311172250 9176
1927826747 15791
1756202725 10947
1515895789 15793
376131280 3920
263815772 13522
1618955887 21204
2069261899 19116
293806042 22239
1647119661 18238
106950829 6842
1405781800 10841
1396328269 16074
1950799282 16345
2081165120 6993
1662688812 14779
1259009221 23955
1806269859 19502
1514792505 20572
251864388 4094
414858537 24629
132511803 10479
1523686416 23590
1611048291 6250
575853571 9309
1023941122 5564
203032006 21669
1718490702 11427
382612719 20021
1480475847 16818
1403761116 6760
1360411759 9759
636388456 19977
1440552935 18145
1590139166 15407
220463364 3731
870557710 2552
1804468945 1341
1065851053 715
208046834 20331
829951000 4794
1460681183 21191
1351381809 8684
1386550482 15393
679589130 281
2035956692 16965
329437152 13102
528428414 24342
1608543827 12837
667862732 2501
2121751038 3798
1557820580 3724
819925205 17158
1011370572 15925
1590679922 24850
215112519 14571
1581833837 8416
1128502042 24610
1355983547 21925
531802137 6240
563584920 3560
1250394693 14521
1754407052 1010
1060440425 20837
1316570639 1120
857437558 7663
592205949 11038
1679513912 18169
848549866 13255
995493885 11294
24446292 13198
1151278391 4325
313655234 5953
614836353 19683
1350552718 9949
2006584919 8114
1713234930 16712
640725345 21370
220543022 9740
580340596 23596
265323847 24150
1581813492 2621
1139221025 8448
528010459 22165
2085210747 10045
402383307 21865
1033275260 12753
1404035200 21073
828672623 5801
1119516466 23288
1947025215 12112
540443162 7788
1708912905 15080
324119354 488
1766259146 14924
1540928902 17647
635860143 24046
1433300067 6416
1890933314 19522
96602587 23999
1203883344 14634
1942551162 1265
1235142106 17548
1326583512 6186
767175233 5203
804052603 23482
1589681591 6353
2012219817 18929
1490007020 23152
1835777855 20013
353003549 21146
4941411 21881
1362298780 11073
76136181 16233
1326120111 3702
351539588 21696
1841869493 7153
1514516280 6102
1175135417 19122
656920910 18633
1277693019 15628
662081944 15571
45681830 4287
1936216885 7641
267380756 13096
1637298390 23859
643149836 15189
344240937 5428
678273211 6154
1589507210 20250
1308613103 984
2005793051 1455
1086893333 8460
1218938862 1066
369948069 6887
1136233236 5756
932847283 3961
481105910 4721
1313286646 20256
824973993 24322
506382596 5066
331428645 23763
1133846280 14479
1988313168 5824
1213744309 3075
1334494518 16835
1407780791 1047
1872093507 657
1634232983 14811
1570539904 2650
1339997772 9534
2114612608 7199
137470525 13383
1461017297 4618
1897605490 11221
68695312 5806
1506573246 12232
906279836 12707
756879556 21932
393825260 11107
437189888 7472
80355283 13593
1370994580 7741
263178799 21507
1708448289 4913
4562707 4995
543035327 17620
1170510552 14843
1991508805 19658
1994818116 18559
51872636 22347
1202507120 21850
743801512 9983
1253934600 19069
642716400 19581
1528027865 17268
471705824 15889
1966178837 21463
202331710 8295
1794864057 13589
1102136923 24667
1193713523 14592
192086763 3231
1307570544 7453
1097728430 5252
613440501 10892
952103179 1299
1248766308 2868
1149572205 17342
1009166543 8323
1182212812 17137
1014279858 8985
2077134656 1412
1329830105 13304
561650727 13030
145993373 16731
1217478446 9863
1373111635 18574
1950395350 21682
1190478858 14704
1872644211 506
219501644 23186
586415348 9667
1069036158 23797
1102141687 16969
189597832 2951
208789589 1732
368260420 7033
144162908 9181
716646484 16657
287319486 522
697182847 13454
747383160 10475
117691081 14966
451557114 12600
1331012692 12281
242635854 7299
40600720 545
139712206 16279
1667506072 23272
2142437747 2524
1246687522 5370
1026769959 23221
2072356865 14249
779790790 20436
1132216254 12057
2098719036 14163
1326211590 8842
263440257 13658
228650703 29
615778965 659
1997178107 19004
2044574784 19603
1556998262 15121
822666720 1062
1786666796 21533
585967088 12011
1792712985 10780
175167372 3232
253899779 4971
690545891 23584
1365422866 18784
1280222536 758
1947850278 5817
1947014279 24755
980572145 5946
669720064 3583
1193540109 16673
1257128879 3651
2033266131 14212
1833661458 18515
1504052875 13097
1808069298 17280
524901395 6207
999438757 17176
394101312 4800
290163512 13374
431088956 15370
156118052 6765
906332183 23764
1342795350 20684
640786848 23905
2086503623 12368
1583563533 18543
271018958 17174
684701145 9689
1361961235 15451
35720055 18695
697837103 21159
133410765 20534
1640338868 1396
898234733 9798
820339879 18878
1233694792 20725
2108062446 21343
8863474 6986
1486793655 10065
2125794107 14269
46054083 17334
820113877 22508
1625552409 17334
862321069 13607
1664419706 8458
1628175905 10211
1610105941 3353
1141883791 25
1767840939 19511
1165209104 22309
1035175873 22303
1868774324 579
1396835515 22476
899574002 23652
413427064 17056
87029575 19524
621324421 21254
1286969476 1720
625309721 8501
1798410379 4538
568952005 2873
1136523193 11836
1996527114 18022
1314291101 23739
1030521246 22278
2034824132 19893
1970284432 16057
936803696 11044
1136030191 6043
1722631414 8154
811418265 14888
1323974263 13152
1473568788 6094
1497927480 10823
1732146175 12301
537565250 3488
474706320 20126
952194962 10607
2037212041 20151
473882311 2841
1944762726 23190
1921765035 20353
140881871 12430
112774203 465
502187639 6350
1849876909 11186
283375747 11397
482374059 24951
1512598185 10320
733998565 2070
767755412 21126
1092581653 20200
25616673 18591
691456521 24303
2006245547 6023
593616538 13889
1012001611 4757
791451887 7401
2313632 8515
890302345 2964
1320111377 776
946614409 22155
535946618 20870
474813241 11896
911784648 23415
117111774 12528
1246607940 8911
1103475154 6901
1174653460 1490
764524512 2032
332152352 24654
241525373 2482
921812020 11196
1235572678 9830
987642752 21932
779335738 23188
1350703948 400
153073011 21785
1483466257 15764
1215647108 1957
1275023529 5549
1254084883 13952
1152344642 21724
1232289881 15619
134130141 9670
2117434131 21776
2121743690 2644
606407084 303
237418349 8745
1474298556 4360
1500041907 16071
1903703215 7328
499663005 16717
943575643 5707
810637118 10414
777269719 19444
1307668545 13460
31616411 17545
587918897 24847
500545328 3726
1200950080 12223
1976640192 7451
1315420937 1034
213730903 6593
2020992099 5022
486411048 24436
68019395 8761
1617779201 4764
2102035457 5983
412581940 9377
614427100 2180
145199650 8544
1287046566 16625
917417046 16211
1018637040 16859
1289230141 6010
1097217966 20730
527873851 10738
57485298 21301
387609137 6946
1859938061 1116
1365711942 13021
1681967041 14446
688166007 2047
730850804 1775
2072754017 7179
208987729 8277
2029138035 1756
1962169888 2709
446515758 8290
1441479673 894
43794898 7077
981636609 428
552879908 9729
540014855 11823
1152663355 19230
1318152552 16229
1869113057 2846
132676894 9994
368745793 17909
1062834319 14282
152933242 24245
2132490987 709
1923159029 5371
586891106 10334
553777868 17153
1789835894 2632
979504529 19550
287455396 21598
2122898008 19596
593222700 14952
1845410225 21887
792711046 22234
1399604145 3381
1182083962 1373
114077194 19530
1322866527 10627
1306422822 23481
270243737 663
525574740 18292
1983801600 1030
535224827 999
544013236 24286
234714004 2663
2067877585 15453
1818392281 14215
1485259363 20279
79652728 10750
637506126 10138
1224528109 2085
1683903363 16504
1369739067 4736
1423278859 6897
1814719247 7285
262977903 11275
1793370595 5865
52518115 6642
965007602 18270
809149876 19130
599884783 23637
2017110902 3824
598048868 14274
1639521882 23711
783581317 7816
385139623 12643
416593229 23350
1145158866 24257
1425919426 16566
1015456139 19042
596597417 2980
105775862 95
117278989 17290
493617633 3198
79864158 7232
954251718 21216
178390371 15382
247094438 6967
1515459543 12664
1906559321 19844
1466085611 5141
1666197719 21416
197058209 11652
765770500 12137
1896044829 16070
420797131 3392
664728008 6692
2140983056 1174
880646747 14748
838126383 18632
1367326550 14220
1222459039 6599
1121474556 11662
536285002 22778
1780860838 3417
2061314490 16994
781253058 7558
255129742 2093
596002098 8397
805635504 2894
559599987 14024
1088142326 6286
613790826 4168
451501312 12960
292708569 1819
1316528148 6146
860685419 11858
931629615 16002
1611283880 21531
234432877 6037
1955225143 3649
248533544 16646
1757942916 9250
1141277115 15887
76382231 21292
1678490284 9588
338235226 19765
622289852 18816
1825492260 21910
631045024 8026
1635115428 6477
1628162155 22032
85914183 23
1900257660 15127
1512860018 12043
1551567890 24477
2141113079 2729
1131605246 5029
1293868919 353
684899255 12836
1030013486 543
843378738 4759
432332606 12410
1831559439 23971
1189765717 12384
361811259 8936
1475690321 13556
1896310011 13270
703969989 24870
363025751 2736
1897154799 10793
157746604 10364
322851321 21164
365058408 15113
1094320232 10019
299373114 20430
67728639 12984
1268724420 24106
1357661090 5992
786077360 21438
831347922 22718
1194616469 5830
1145523323 11468
844771178 11474
1039037307 1821
1831419960 6845
854527907 24265
484439378 21856
636905109 21634
1140980477 9026
715204348 17412
519869339 24670
1006582405 22235
1446780445 12991
1921818335 3853
1683459448 21274
426099191 5930
1440046204 5651
1396215860 4358
227223013 1463
1878250384 7787
467840852 18381
1562145410 2816
1995062419 2059
1865602862 16594
914878863 8445
1415241997 12402
508014493 24695
1913353352 19933
1869940340 124
1612453988 19355
1408958185 24866
568942972 10884
1616538037 11591
356110586 2897
1441691975 2744
1127643896 10898
1267169800 3576
1723025377 10848
224884512 6411
1252072239 6241
1623257462 23694
2135808542 11705
305406874 10838
185805520 16865
803222680 20120
473817233 7687
2030172941 11454
361417012 9489
626061283 15342
1813557357 20642
1858171918 17599
218645633 14848
1562964698 14768
1141104562 10847
1185714862 517
779630423 929
250775638 9064
52908862 23610
1763488102 4617
2042068586 5048
662719520 20439
942732243 18667
1212053799 7966
456523649 254
1939885707 14586
1357668259 20934
2089533153 10894
369815989 4508
1692081637 1731
1804515274 14172
1925059642 10397
1136191369 11682
1275356448 4299
1605120470 22778
1090356658 21581
785863128 2986
608274421 11347
42163583 10641
1213100114 19995
803758399 4919
669628336 7834
1325502109 3837
1297811984 24953
578070365 18433
1348654362 12735
1995566063 10875
154428992 823
1773127646 11367
1511039519 3133
535040508 3097
1466881818 1145
728690596 19127
1963067126 6912
1366802137 2402
2073116746 9976
1528366005 15993
323307578 22189
348361444 16526
409866970 14828
1595549756 16020
1223669814 161
202700811 14187
1687134830 1544
819298607 3963
2097235097 12466
1382829272 8396
1217982900 1910
984522451 23879
921896306 17877
1514819808 18127
538907420 23711
405895204 21876
1560895223 14352
1249883619 22716
779064752 11894
677548978 20231
683772100 1529
164192843 16544
1149104581 761
707500701 14526
1352609212 11963
1137188419 13225
1932565619 21463
1282621410 14266
856145679 9080
1473550474 2347
873388631 18516
1077647110 24683
2069681490 23169
1140052660 14718
109879404 24388
1730321857 8175
1124148670 23093
1207141348 14485
1268672735 832
1984347446 8704
1577006507 6890
1731593433 16511
793979092 14751
1621806268 17755
2114682978 7100
1708534468 5538
358444292 24602
695630456 17639
1863731124 19227
1081761526 10280
204486036 15802
449804271 7066
562037962 13887
1453467716 11638
583319889 4652
216565675 7961
346769406 12519
1912924694 1547
730142179 17417
1114899472 16712
227491993 9683
207492102 22643
700483853 8314
353329524 11789
784686533 9938
2041154374 20836
128257896 22170
269398591 18564
784008011 7764
274260207 11790
1878474627 423
1148331579 20433
2106431734 14060
1925106232 281
1909115281 6409
1004201502 15726
1124185948 8422
1797463266 16824
234654272 12450
1688145162 12738
2073254069 11406
775282326 19167
2049450708 11255
1529736718 23671
663746566 14574
1592954003 10261
968223220 21270
108670631 19303
2140599296 949
1243154662 12820
323277626 9951
1059036521 9737
648161387 23493
1511791718 8014
144318714 19001
2007921506 24402
1377718717 12700
1729462114 3141
1544371457 24115
1524082962 21060
1304045218 18303
155777757 1734
1568707021 14548
617261219 1584
2019412930 18020
402962639 4236
932598689 15832
1052595287 7945
1698086982 23428
993225277 21258
1999317123 6479
1145727180 17306
2082030702 21662
836545211 10755
1925489156 135
524151765 23695
1416564900 15151
2116584539 24714
208771950 19423
624903729 23018
203889936 1700
1166653838 20534
1783887292 20179
1846771526 7229
1512805471 17175
829675653 18691
303548567 8826
2002209377 24517
1974331247 12965
29564332 127
177572178 23884
554243846 6173
643301487 9315
764282912 1859
1891690241 20618
344220832 16633
839255112 4319
1673660113 24400
668801265 17569
592761002 1581
858783974 17595
315134986 7234
1958829181 10039
648852922 24010
1999904679 3882
1339402082 11645
442502590 6040
223931187 1497
17295472 16657
1159674700 7778
1678057613 53
1658961817 21671
855076049 10237
1027424778 1074
1139860459 2816
775688634 16991
693695977 20372
186153427 22238
1057206393 17913
2128613594 846
1602459727 12246
2629668 7160
352843221 20814
1935165832 13149
720701135 14320
339966727 3553
313904261 5634
1279859496 22839
1394962055 16584
2073849070 895
866787828 18335
1386757702 7932
1231224563 9267
1286462102 8022
1192841982 2033
1068595132 13963
1124815765 4180
813540451 6646
936965003 12338
2112146859 10871
2058857392 10988
875942867 10469
582814380 6349
1809042514 7927
1424220106 14974
1695269781 15426
664860735 178
1574128342 12292
1371751259 15314
2022791742 5897
492668019 21426
722413189 15649
1672674707 17248
717555501 15248
2016929747 20876
2008563119 5420
756452797 23909
760894471 18453
425817193 11697
400729868 11108
1873021418 17632
1199475344 19245
58775389 15166
738514102 22641
1261925788 14119
50653650 8135
1979112503 17400
228700260 19803
1757796003 18210
1884125290 16780
1665939514 4189
272432938 14342
1342192808 16081
226772873 12519
366541786 6639
2115550818 2504
1344121593 9307
230289959 10436
2103617993 12679
1462752920 24617
837992409 15875
1530287608 14100
497974718 14747
248175907 6157
1037066057 13675
1824304075 7252
99853530 10986
1225084345 13051
1796532930 4039
907371156 2877
772160231 21251
1691493467 23568
620725457 13565
53116147 21733
225741286 1850
1187997872 21661
1131477743 3851
672736591 13862
795654742 10140
1302054317 494
1707309563 3376
1973315422 21198
333229946 9396
337001845 7184
1999984937 24262
2128066428 21791
1065956081 18493
1754608901 13494
163261981 17196
946187570 18053
208356092 13557
1920048816 20453
1571125140 10729
405364564 13217
1878409073 2432
1365852740 23522
1445641552 17998
137498855 18362
1726595161 11978
941511854 24084
1659478265 21898
1074902694 13214
1619871952 4703
1270726409 8515
1172454177 9293
348156501 7330
1071931677 12711
2089194284 19091
1497933945 17655
680979433 11894
64325426 118
1301648279 2514
191679849 15063
1400083566 19753
2041759511 24908
1302583551 24276
928114411 21320
482793890 3952
1312207152 14325
586049523 20955
1739800210 12138
1365825885 18674
2077811090 19617
1238897395 20308
928262785 8261
2063007273 14665
1836684208 23853
951693957 23030
25467477 14074
1567941628 11931
1591809221 2432
1706226242 20266
79114241 5476
2040606041 6098
886857729 13896
1950526807 5778
1265059476 5941
876113141 6075
1043212170 22641
1876866951 5138
1273950287 1811
2117021983 20729
1352516544 16742
2034985602 3849
723376029 23166
374436771 24153
240978110 9541
2077446520 9905
247753512 22269
1542427939 24566
109243954 14294
1239250917 15070
1803157205 18187
1888235087 1933
1524743640 11698
1419029356 17547
831696679 17349
942999020 17980
2072527918 5009
1025291957 10562
1270961839 12495
1492277431 1723
889838931 9723
1697913776 4132
1479389792 3528
1923123819 962
1808976610 6497
591313155 3058
1655380188 16599
455338705 2793
276215143 19338
1086775965 1868
1751560040 6825
629749791 8309
1870282777 19393
419521951 23103
450002439 20072
110822650 4863
1019150408 8225
342781643 22932
945740556 21644
1102201607 18919
342020517 11975
639042505 217
1263618492 24148
2063188417 7862
2009242987 17893
1661434768 15359
943481277 23193
2140228115 3398
1768032543 10026
918263985 7129
1266126658 21636
1757726168 13648
1595153177 13887
1997362399 10452
91281351 5924
1313387752 19474
1370833810 23071
1818222364 13122
1749156793 12243
826901208 863
1859754418 16074
694432068 1587
1407523976 19479
1471668783 9281
2029813778 7419
13000593 16589
2033967424 16869
2096311573 13896
1065373866 4525
1068109763 133
1794796029 1046
407159898 7419
183215718 860
1014829028 562
122764224 666
1409405618 19057
901885440 17041
1427902461 489
951067570 19148
548441356 24643
378953556 7817
2010320940 3562
1060852666 14157
692527481 2273
2030440051 13543
1609217013 18597
813218619 1991
827824011 12942
543082569 14919
1890675275 14031
319295952 10943
1441596016 20508
495908561 5735
1769321176 821
1319830010 15344
1137048377 7658
589293540 13213
1778971734 11298
572091934 10328
51791166 9334
408775104 22017
1117763365 4495
577110327 10651
1425424941 22437
1709849558 2355
1864136582 1476
2091354308 17720
226794436 21960
743490586 5653
1486705962 13559
947303568 7916
350408305 22267
1444171957 16777
1290841106 3291
1600592563 5683
656504399 19355
663590529 13283
616291400 21142
795660761 7495
918659182 13950
1493641894 2490
624933543 3671
713476915 11798
815177486 8055
1908081802 18859
501548895 15471
211016057 12446
1641802770 10540
1220484203 15856
1201526919 8739
1929877508 16850
1678002567 2728
1360052126 24947
1713493184 8475
1305539468 20690
506193487 2972
1992345668 19646
541100817 10904
267824747 5469
1231756214 19793
1527487790 19726
1481238840 11799
1905973234 5802
451017363 10985
536827624 21037
9942031 15197
1602967275 8552
1337214196 10104
1139821188 6167
1911811404 16580
1185931693 22324
187194572 14423
217282352 17051
1458935600 20684
218876029 167
1900832499 10286
1832140227 13817
2142827257 1170
1099209871 20782
1148185301 7949
996282262 20710
347459863 13105
1854913737 7864
556550146 2584
2033969651 14689
688867926 9872
1875532733 24654
1384534259 12810
575342121 1940
543498414 4270
1762487939 8555
1451185756 24727
340687175 23763
2106085757 24700
472471628 9564
1446868013 14577
271748917 16570
344879648 18098
1298807041 21574
701317901 19020
1812532786 2186
675932191 2550
617527558 20123
1251074515 16091
1103191386 23166
1534907929 24864
995347275 14564
345290558 19310
1151637158 19087
634439460 3166
551566793 19924
1067752805 12602
730839391 17730
1161917274 4572
120542685 1261
258841522 15241
1786519915 16983
1920219698 2709
1952916293 12154
753963730 24041
698620360 5324
1812105457 12585
724549762 10471
1188270603 14858
41237470 7035
587591815 10567
2091700043 9123
201040779 668
1130922054 23271
830476823 908
112640166 9092
56162932 15361
1227565435 17858
1244445984 1742
1635243428 20729
1098896777 5093
1397997715 4276
235523612 19203
2089502858 9541
2655115 4928
770780512 11018
1752378171 11401
539622097 18280
290581570 2061
801446153 12928
1113359239 16222
968111779 11338
345772299 23239
322268957 2412
619177337 22284
955301403 7636
1544970277 13251
1254599349 13985
1184073108 1438
1553070271 1747
479854687 6629
1393588894 9687
747587448 4454
721573057 22337
1024409784 7385
1578015137 21536
1186073807 21307
955245106 1019
1543947066 2264
1000792902 14770
185499653 20676
1525637569 9297
120879238 22565
1020616416 17345
1377027280 6225
155918883 21380
688756240 6191
427288119 5807
264562157 1678
994273381 10712
1140652944 536
1577025282 6334
1236645398 1972
404637009 7324
1653551951 15615
2059767255 1173
1853781348 22413
635427368 23473
532257253 366
131727987 21983
464457463 6878
1400625700 19399
613323995 9194
2030926156 13225
1159250464 22111
674557205 6535
1468924105 20632
1420263979 12091
722287692 3153
1016141535 6582
1706768272 15128
583486558 5615
109322908 18848
1955150803 2986
1494898601 16673
1561186429 1974
154131854 23521
1670594887 16813
1524714383 8445
1933511409 14223
2029476928 18628
1880148911 13833
1940121684 21106
1201944645 16216
1248625878 8826
1008454450 20371
416297081 8744
831498648 18657
1789846359 1750
2004886931 1006
477715169 5456
1456186800 4957
1124742011 5814
98036983 23679
1383996932 9931
1047245518 6073
630355855 7563
230847987 7644
14564295 8371
134718796 13230
986754472 1732
1467882314 292
1519078034 11447
2108838966 6409
1071673022 23752
1235832418 7017
393986061 1028
853770074 17252
1588306395 8916
2002166988 2804
834704954 22685
1692106042 16924
1265740551 12339
86159632 473
1812265806 11474
1522285430 2056
887532883 20783
1080947652 10181
1190082266 17934
758923713 3493
2099503009 9640
168850782 11925
75506100 12001
2037575980 15025
966357038 12817
1639183374 11379
425032667 12152
316539018 17636
19954032 2560
1547304503 11491
1486861387 9534
2105305212 6567
1313102833 13779
2139561191 15371
1029088843 7689
251900208 21660
868822231 2584
100985450 10713
1649767525 7253
191288106 12350
493254139 19203
399566580 15679
1684279013 17865
960639185 9456
1786460941 16656
1234887570 9521
823413910 4980
1247564403 17591
688079484 21613
829408463 5210
726649522 21668
898436773 2619
1749055662 9400
922001259 15173
399382113 1641
723731019 21446
455435110 4842
1008234176 12620
130150822 703
1085497678 21701
1868558777 10986
805939458 15858
652910484 194
971688463 7995
2031626346 17475
1311381423 5588
1574694145 9316
1137236255 2707
224370788 8408
1925244226 1110
1438486557 16115
97407335 21439
855420044 13061
1753740214 7068
995760046 18646
1878161270 16981
1984716932 13050
1235845244 13107
694771961 16722
1673022564 6550
1373825613 13770
273325265 1873
910885406 5553
1814923658 12976
246229786 3286
1253370586 5149
397573400 17409
611812417 24156
1765398038 12953
1442934355 22317
475829872 18665
334125573 8197
244783316 2183
1703435757 645
628797715 16891
1745189409 24769
1901868355 21028
824629677 15327
585747138 1611
1675189286 19490
1817922146 21538
2143869811 20168
70451640 10398
736945662 830
764898395 24430
846418887 18294
189429344 23945
540092229 16641
448858975 2552
541282823 12888
458786942 17080
1868431943 23426
1832301440 7159
1412808376 21621
2138721152 12755
1007412663 2233
1389692644 4427
963079765 17040
903812792 4978
1480833243 14902
656368238 1416
1269031667 1371
956254189 3721
551887188 6904
1399328263 12004
2060519749 11720
1290111322 7046
233612506 17394
1364023645 12924
1073324414 2352
1356218672 14826
610577070 17693
612059386 17835
1708975393 21692
795139152 22627
924063719 22716
875449110 1229
1917654312 24622
80324713 13946
1557793084 14162
740415025 6149
652148240 8012
1557792248 18421
1864766193 23017
528277937 14269
366742422 7016
1284932726 8658
808981227 17897
687274809 23555
1167994671 13087
789806808 5224
2121198717 14521
1973732552 7682
1907132023 10360
1250419462 10769
448349457 24862
68076016 12355
1499461986 18699
416258474 17087
2138641957 24567
107232770 10728
855730504 8543
155806191 23437
38300186 14436
1382797309 8265
214137993 14150
1709915376 1632
2139509999 3960
374007313 7706
1393958479 4466
118965985 21972
2116912288 15324
129348935 24699
1338170178 22528
739681681 23102
669846505 24316
1721110537 11067
336660464 6994
2061306479 13190
758242342 24491
1474567943 2073
1482925351 3724
1076837653 20740
698527033 15780
1989385036 4210
1479039201 14622
1859244790 5724
1189057168 17922
1602585393 22996
809648663 9946
60742468 16175
1063691629 10425
402904731 22591
488706905 1905
1093705367 7861
2125377778 22151
2037574822 13651
445575960 22015
1344510675 23727
1804372769 18958
67605130 20549
2058120871 3655
1451221814 4818
1225207896 21496
417098888 7228
1320301551 14543
844312647 20403
1703427564 20471
1337727821 12204
736599218 847
1503120732 18049
1271358984 1736
1238562558 6595
1261712530 11247
213586157 6829
5651312 2253
716741423 5721
152425037 16632
1176402072 1810
1205297911 5068
311408419 23763
365207306 20846
1591914778 13482
1913630523 22315
2113272522 18803
1948783680 10753
1778802242 6740
1546653071 10621
971508677 2583
1837242888 21856
1045008471 7925
1574777786 9316
580294640 24032
1331512884 9249
163470377 19967
1618812602 19292
496729956 6541
1800319172 10634
492067498 9762
244082536 2909
2011157124 7239
556576281 10009
1345894392 17180
821008333 3852
1915743927 14767
834477496 17542
527246938 10075
1779358163 15439
1840129278 4171
1954597150 1233
1640455707 23464
1415716788 23510
686004992 13600
1766042314 24972
775245601 5291
1516592337 11050
1653711387 3366
780860194 11575
1246752467 1735
1626732951 18830
1086689276 8822
609176367 19661
749263914 10990
1719941368 11223
630260961 7256
1063611701 8788
589482434 997
1878803748 13198
1024253784 7266
698714690 1014
342537016 4655
1717119940 18764
927922803 19436
1503900417 16305
1491951783 7803
73864173 19386
1569012545 23005
1845934332 24152
1744487600 4021
1373789487 15245
1291913728 1168
2030704463 13680
1137224188 18086
81184265 14843
319776509 8761
912526984 10567
1799856230 13696
1882322510 24296
1039423889 5194
427752169 5631
264830395 7477
1546916692 5575
1855161096 17531
260260999 18542
1674318469 15906
969977923 618
346922546 9220
342179528 12997
1138456701 20484
513002898 12259
1151727149 18194
384683730 12667
362227510 10921
1460743067 12248
1713769044 11056
12917464 22820
1671514009 3428
1720275374 755
2005199097 23680
1102730488 23394
311230621 5955
767913793 7377
2055483989 23748
642368188 20923
486211698 7812
1830891886 18957
1157019767 13086
1817349172 11969
579035942 21928
1829343333 10254
1869401796 15587
501639309 5330
1656870456 9200
363795310 24239
1431253301 1513
1967772606 12938
279901805 18522
902432784 17648
1061123210 17873
6531681 23818
953257007 19935
60092047 9795
392190183 1781
2139866314 8453
1152749185 23480
669090015 7212
109749824 9301
836038783 15881
613630838 7361
1548809092 23105
1827459616 10424
608616233 10151
646494098 3614
555932296 10827
1081581038 19408
1122606039 10589
962488836 4886
2112834041 12249
1692929737 16469
108504448 1213
268065572 18425
822166168 19229
648293654 22315
140031424 4100
775293091 522
1894829056 2272
11081630 19760
1759926148 2687
1572470902 16471
199347581 2876
1813952349 10671
385479 8333
1744364860 23358
583186025 10591
1144990204 930
272192012 1714
2095727969 23521
467753152 17160
1614251055 21023
1205580292 23827
1422513119 17835
1692805974 1545
1972953319 3555
1325419403 7315
432465503 461
265078051 13358
2132313828 15076
540422849 2164
870577595 12918
1551910416 16823
1388702583 17935
1335300800 2396
874349079 9782
828707318 20545
1748010520 3935
1766869079 19423
784472571 197
1094730869 8788
680768380 16059
1508322374 6838
1313962783 18806
1398065482 3702
1971478974 23673
492221669 5402
292888665 22352
139283292 9761
1362794817 4184
455852198 12664
573055691 11678
788061538 24238
728110566 2998
1826709094 23913
381683978 5941
52815392 283
1465719402 104
234690310 3537
258253554 2269
1400237640 3697
852332668 2637
684827624 6561
2145666244 19342
621888219 19523
1213879563 22616
1082085341 11319
1790412180 6475
45638185 22618
728931437 16807
1487566675 23940
2036614460 13551
559234140 9373
297377510 9543
34388892 10135
2109578955 18133
230189700 24442
1565140610 9811
1716050756 12300
1080619915 17862
1765193191 5055
1081429794 22611
748061946 5890
1685210939 21731
414065945 9705
1582895705 15904
221900190 12033
1770345557 11939
1304997401 18125
1460524312 9618
1834143068 9623
858659561 11585
969140834 7434
1846340222 17575
1298534388 21420
1732338700 965
1097919526 7010
1715303394 10644
878670645 5933
644248824 785
245378818 4115
148069944 7939
954119824 7337
974330808 13856
294181171 23722
1260777423 23153
559559586 549
1384444283 412
341059500 4781
2014966923 20354
253506203 20707
1727364635 16900
1427125451 7850
847939142 7703
1533221878 18691
1345375006 6302
1026128722 21305
977583968 17208
1345977655 14036
28613020 1313
1872103626 16127
500284855 21276
1868956236 20293
1204263910 418
1669514893 10819
1541404941 2284
1734659156 4153
586762601 7513
801342146 15798
705666054 12073
199734914 17336
2132721180 3844
1276640407 21771
683914678 5993
1023448988 17413
1552051107 10089
1812977407 1141
1083281703 23355
36978875 10952
616243358 23193
746451725 19294
914192439 4700
1029743116 19320
1536443021 14489
870563336 21203
1852408979 15540
1559635179 9248
1838549762 22360
1816427646 21348
2129155009 16908
1956369007 2221
1395992935 3002
1125464480 6224
109863651 23603
336777173 915
1261286819 2358
3603612 23171
1169040679 15654
1607966971 24206
1814573630 4584
312107792 7819
858368171 18013
1075167578 23266
1785575182 21237
1076463316 8507
396712409 4148
1104216251 3542
704007746 18124
124646014 24091
868472037 15387
2069097922 1030
709569075 17476
651558737 14833
754106313 5800
1354645302 6585
470637888 11781
1086511306 11985
1609318388 4091
145747743 5270
650153109 18588
1314807532 12207
956758296 18194
1093240341 18802
1116212547 16523
1413482115 3253
1657183572 6007
100402511 8351
604492956 6400
355864512 20799
1617216209 8387
763432878 21512
945627680 22947
1399198514 19287
490347700 3593
168317481 6136
1386198605 9386
281579130 13629
717451811 13853
107048581 5862
453720691 78
610838277 17154
1075090606 15235
1875175585 6018
1600876382 11468
1234418106 17761
1834371209 13242
302044696 7571
1571285149 1230
1499894376 18558
1595575785 2992
263566542 17761
1171616229 4025
1692730190 17648
1961980276 23242
650044891 10644
849450432 3835
1953370236 20051
996002261 906
1648896596 470
278934427 2959
693656940 20192
1237885220 19295
958855695 11227
1192597373 16498
1398055217 24201
1810919274 18828
1729260648 4498
79899627 20919
2041030226 2504
2146182849 6465
1461518768 6701
513869725 9644
734772807 10941
1270512347 20396
1044941374 14193
1353001238 19597
1008434403 10976
1471499006 12534
434625149 6193
1361848633 22864
304241819 18309
1540719953 6785
297450742 12004
206028750 242
657005834 16561
238974245 9904
1051210428 23620
1891637271 7366
1397760441 7248
1463005920 12318
1735823067 3342
2000221530 2380
435668537 22856
1694767616 21116
109498756 20800
998803097 3278
826018064 11838
858645819 19834
434701206 21751
1812448780 17087
964941221 10728
1494428574 1221
1666890771 1168
276692140 12407
598165088 15673
1339409758 21297
491579731 22651
548092587 11119
512425392 21927
1616958517 19997
1603031484 4415
1464191721 2787
387181828 13521
350684763 16911
165850966 12576
33450951 7694
895093022 6150
1189854807 4269
531266231 19785
1228871493 15727
1236877092 19165
1550085857 22521
1739129842 7542
440228696 10437
869035714 3670
1728554296 14243
1605038403 9239
190049712 10456
308902465 9030
1984885757 1206
451627366 17725
405006321 19352
546663558 2045
732621919 13203
496817744 10998
1812433589 17218
2033016326 12903
1932428930 16812
1612172229 7150
534963551 23804
1027121648 21107
1832014335 6701
1942834886 20250
305668249 20212
209562326 19545
297432898 16997
599032439 11277
860847793 22137
636175437 11443
288590802 20708
2090844259 20910
1463933518 23927
1808390068 5232
123305544 11715
1116906090 9208
1966756953 22617
2120623098 19593
1481053627 17708
128375040 23102
629334722 6813
205348160 5070
407570002 2518
499697640 6744
855853013 9072
1721245764 14952
1524383206 16638
1178057506 7375
1909479963 12677
1757835888 2205
1442686095 15604
1579551539 24565
497460586 1253
423486370 2144
164703235 12385
680744125 24762
1674478036 24244
699194411 6333
573370503 7753
1380547165 14268
2059551696 7274
1119072661 13483
1357279802 4430
1914232217 16549
1880357879 23884
284414051 5619
253735764 8081
1697901715 16112
1075458154 18675
554700863 4293
414778008 21198
198558984 15115
1681879074 7078
623688036 24997
44866641 5608
1778927147 13772
231969984 2376
362351400 24273
90330309 15291
294357672 1130
675184941 9650
878508205 22457
891586154 13334
1686081925 2947
1830476063 23693
1667525596 7846
1370376889 3076
215404108 5453
596495292 17575
1018787566 19587
1246357683 10197
1985580233 21481
1585109664 13995
339073637 20724
1644590044 6533
1419015388 9589
192838118 12916
489625659 2279
2133101332 1683
206470660 15803
301128956 22635
1708797707 22547
364773054 18990
1870867216 24316
1999252575 19484
712645615 750
1736677611 4830
462241807 4677
1172698989 21579
2112059918 23978
2037908860 6246
2078761005 4284
1911674697 6931
40956556 18401
1411430128 10948
250046243 11068
441440322 21774
2068312140 9068
949045218 9541
584490406 4025
351524193 7564
1153091656 24164
1513478248 6615
1785113830 23755
1716164066 3534
666965226 12851
1866332159 18654
1560871024 2988
589606351 10290
618441041 9324
275588981 1821
681273729 4192
1726580229 21591
1645153633 24476
2008543255 23727
447279217 9952
907691615 4614
714534023 8731
1109066645 22568
388524824 20606
831688471 1946
703300841 10884
98366882 20312
662818526 23255
1735285208 21431
166169759 21548
813670642 1708
1164327835 18475
278517312 17356
372342267 7306
1505781233 3327
1076917159 22830
2048715076 9186
1983214809 19011
1788818596 11696
717389520 11484
2020242417 24199
986158874 23423
780906071 2167
1933143445 23887
219598834 4509
835033858 2439
544632883 1228
1408541233 1278
1671203745 680
1755631471 16409
1367728835 7697
918547587 23955
1900244144 12573
703586211 13262
552742486 13707
1495126382 5461
900241434 18975
121204853 15308
1315939866 10567
490546368 10870
1171012164 15527
183294142 4400
1294132994 24976
1154726912 9546
62832030 22893
440845180 19832
688631846 21571
1655975956 5795
620518035 2468
209303865 17422
182306566 2104
303759998 10674
369184872 474
35187872 6027
1389717801 10685
991451001 4289
736942495 7683
2017425529 19154
1692578548 11658
872099257 2780
375953909 15524
1393242570 9444
907806482 12203
1917673993 10477
1689138991 24329
976305024 11737
1246478339 22470
1945335505 24759
324707416 2189
1615705117 22607
1681211301 18125
539021225 24442
365462153 8490
746342705 23521
1321728181 24733
2051891920 14534
1863104097 5085
365031533 16618
2046861892 5956
2005310979 8841
3181690 8939
1561778922 23820
435822697 5324
1960676263 6933
808462626 8246
2053571536 6416
95625842 9470
1627202929 10828
858686615 1251
2103701594 22209
1917304966 8402
1048472098 1896
343837250 21596
577256277 9731
908814414 7479
2121687023 8879
1139595591 3864
966115838 5680
1672713094 22917
1376542842 5777
611553269 6779
52427443 3250
1288732616 17740
418916476 20194
1877367079 5785
94138473 3867
132497055 18293
832904969 2120
239345274 7094
950869185 10619
948724696 18526
1314335500 22262
1040674662 13704
2075955458 2036
468456586 15709
537499162 1298
1481305161 5539
476437724 9312
1776542112 11512
887291978 9154
1290354865 18209
1743310871 13977
1148100432 19139
2126996009 12237
652406200 11199
1689896995 15661
705185457 16753
1934075028 4975
560670779 21134
2092190081 19671
699342586 266
794517662 12477
924604618 23807
1361194550 24660
72377184 13601
138270815 2636
414552406 21063
493824624 15863
383025555 15356
2043719384 3642
1859133728 16932
1842947682 1925
296106768 3513
2032038977 21982
123884460 24635
371580819 18813
104895865 7924
195975299 21090
793512545 23177
171231596 9005
617389975 7286
240856326 18086
1999650035 1282
1134825793 18969
1296273012 3381
1971049922 5635
1800382039 1454
795881979 17261
1927498481 24093
159291665 9816
1558191438 23306
132406286 21618
848917029 2013
149808212 16244
2070833735 21193
822900908 1567
1899831434 11660
5802698 11652
177354189 263
853542929 13724
1227377379 7622
1571582388 9332
581960652 18809
891961526 1933
742338782 21133
289073974 7721
52704113 13096
439333643 21993
848899747 13803
616888265 16056
454490762 4964
724397705 3648
918552644 7791
589815265 23653
997326353 16602
2028605852 22693
694285118 9533
1445671586 5508
1065524394 7951
910082245 9792
1189840691 19725
933566861 13086
1265644377 14452
343975998 19017
1227110417 3048
626612590 12936
580800939 12364
435954670 1430
390896941 6922
1031109643 3275
1610680608 5803
401632648 13603
366637306 4046
620448337 10824
683901426 5708
381831238 7645
391409526 15559
297955031 2505
1955914206 6420
1385339022 64
491567013 15727
856558702 2796
1052035359 17240
765157454 6608
810696122 22146
1227284322 6941
1026533326 1323
1608300908 16861
2064807547 19954
1396267116 17984
1744424255 22649
560547556 11980
1134108932 15397
617448654 3131
561633710 7397
2107661486 22640
1008364443 9113
1161005765 16528
126016488 21433
1665984108 1086
748431293 18763
906105964 1443
1434702126 17377
385254588 17268
659922479 13263
2124934277 16021
938409931 11228
1820007641 16199
1974941852 11916
479176311 19800
106931976 24974
600541536 1424
788193912 15529
103363997 16016
750675088 14381
695804958 7426
313787469 16577
1299290933 2440
1735242287 13537
1873434271 20594
729896100 13983
370209297 12249
548930318 1172
1494769085 15541
1146611287 18219
887635289 1795
1345763372 11065
305991918 15986
1949445101 19452
2025874496 13510
426257095 13073
651094422 2705
1894370260 24457
1923967973 19470
90146886 15485
1157770266 814
1755649804 22750
1192785005 8970
521849170 370
1448732527 11016
397559033 3528
1731867686 8332
1641369343 13425
673762651 14654
1799743722 21182
665581100 5221
68773078 20304
1807539508 8753
805803105 14128
894960707 13049
1894661135 10713
454892777 23573
656496020 5504
1152182290 8108
89201566 8707
467725300 22855
172955989 22865
1265735239 23877
140143154 7878
1064842434 17022
675262756 22510
1495532070 18277
74716777 5633
88684948 11837
560354482 18051
56488772 1089
1316002986 12978
2033435494 6648
111941692 11549
1637604819 20922
1034253205 24469
8108951 22366
1875304729 19959
1210433884 22745
1215157164 11929
1440699758 9293
965784094 7024
1498769417 24305
1840651054 2935
1261101646 19735
1804452570 17041
1360740115 16778
743467949 7263
1775815627 7599
1615539447 11653
1629710434 5835
1734269117 2037
15650219 17976
1429747600 18383
1670876881 2609
1843126618 759
678980149 3381
1181274915 1697
1148061861 24565
70449205 15175
881962468 8677
83543101 13664
1638711096 13622
1256743143 11325
806439326 12895
1199887412 20844
1145262539 19592
471656404 24555
1629993495 7282
167178074 1917
1604557558 15759
1141132035 4070
617719352 2554
460970221 14503
1319065412 11920
636770240 10620
752114833 20672
594934784 19338
538339274 1359
231137519 20887
613955610 4228
1161954843 24710
2046978581 17982
1990861047 2989
1274824472 11517
1686799835 8841
478836536 19872
1218306804 17043
1557614758 9330
921842926 21756
858759815 19550
1397627428 4227
1208406872 17462
276634179 8985
1929109535 17252
1703725524 17174
121732258 4097
1451842192 17381
377191913 1182
651967614 1036
2043162897 16701
465432756 22882
815307887 9264
2047408875 5366
212146234 11394
365419184 19083
980212328 6093
811333101 17193
3499054 2442
5117308 5560
1395009686 18253
968946508 1757
1246556850 4600
794967755 19884
1013001069 17190
1002526119 243
339096964 20026
966428552 20263
2097132285 12239
1643114866 6809
671840954 15023
1143165323 10144
2131104878 12550
1281768310 6488
1342068332 2740
80200863 16148
194788263 16808
1503068584 22104
311251771 12690
832053360 14256
1903361474 1063
1412757555 19080
116687874 23934
1465432350 17482
408486189 22613
470147251 16524
809188675 14410
1572317945 10541
625039846 19281
1132824291 23367
1870032216 13996
1006873721 6977
350402123 6501
1338260916 9259
1105001087 818
1859113567 13198
1663794132 18486
112519182 653
1545410148 22176
1076429444 23998
980455385 16889
54330925 13368
1331815836 19097
1890543845 2799
494900314 13484
139013847 10423
615709046 7293
900523742 21421
1316602026 11842
1120345165 7167
2009128570 24385
489144312 6507
2062094100 4006
1404735362 17574
359512916 16244
1926136413 19444
1579047741 9023
1985699225 7579
479255238 15011
630994335 4308
1372491340 16996
623108312 13778
1877027122 23352
59123153 2205
2138774001 11083
906922774 1151
755625235 5686
1791619236 20208
1832022116 13957
1746464562 23541
766647987 972
1820952519 12980
849221418 5295
1228171141 10254
923727944 17017
577618164 19086
971815832 3096
1612280900 2234
685104992 17258
2113522482 7229
1315868620 18075
2035534896 10960
1377556369 20333
1129849113 147
575053006 11651
532290778 2185
89611467 10893
941302535 1918
301490148 24161
31344503 19008
656383214 21864
1225446397 24845
363492646 12415
612971637 13516
426511183 3145
620527165 16578
720277916 19887
1473750133 11999
1496665973 24700
1765222836 9787
265110385 11842
1283630871 19456
2047121642 6689
866233516 6731
2022910334 18704
183612263 14267
640652469 23805
2011095193 7055
1617307648 19437
263060796 22949
1717888275 13858
1712722000 17359
857343967 15157
668970738 16842
258861899 7889
786578272 8332
1653507671 7283
1744958132 18798
265117928 12250
1254844533 22401
67842825 13382
1142405118 24423
1382525009 12231
981324048 23650
171468766 20938
2141668934 1390
907643890 9219
1979789645 23339
147129546 2459
22281400 14230
552472591 23260
1501693687 18204
1446610727 7374
385466139 15703
1206229215 10989
343392909 10653
1493320393 17261
961914923 24440
744229452 10202
846340373 13507
594546962 21733
251563176 2720
1341906966 20570
159976510 4818
426058586 16588
1256200623 1345
618359916 16012
501314730 22506
246354730 21683
1014132828 11567
764458207 19842
229874503 22997
652251052 3440
1460060045 3609
1678765705 304
1443125904 4914
1635795254 22988
1933709985 9494
529643164 23799
1800635671 20834
177427770 20920
1206367775 6669
254565100 5321
1970059908 1897
1111904796 4776
1371978465 15280
835662925 18791
369886425 4003
1680831434 3858
2082685150 18125
757759139 24251
123832857 699
392612013 12301
1550237292 20363
1271762444 24371
555278399 18501
1366441533 7038
1060688173 12913
2093849462 7654
1759366369 22699
1922777270 10436
1275854068 21695
1560015686 8418
1474437786 15664
659141916 18293
795781500 13265
2142887491 10106
71751511 11804
1440892773 93
1988648415 20366
1531534272 17228
1198872460 1140
897670049 9088
1462523061 879
671718407 11221
20368242 2435
648313975 5620
1472184132 19405
316844341 8556
1914068360 2940
2083239126 13689
938157677 10241
132001508 7555
327760795 4907
1740632407 1826
563434590 15954
1576271821 11169
1876911729 2281
732863492 6403
2087041420 24878
1703800570 20517
546188119 7897
251701285 11129
51002573 10733
550246901 5921
1813678235 6259
1991428594 21986
1695578335 8127
2106041052 19411
293013837 23642
755406381 10235
1402377787 16173
1958249527 8515
1022035180 13373
1213544883 3198
419592497 2172
1573653474 3003
754893348 24326
814238664 9679
780917974 20448
387555892 4067
1403699055 9399
1022684319 12248
858693695 9282
1614088302 19857
1583987509 16665
362152466 19464
697250287 13211
1835435792 1277
1773295997 21024
316228888 15390
188891816 18478
1717485510 13144
525336891 10794
354154886 15019
979220179 1120
62389297 18368
881065338 16080
1277906386 19365
1449511358 19165
920331706 7180
777927274 24829
434382529 9250
571265230 19789
59343043 726
343976107 13232
1065249229 8298
537597706 10385
602947886 14195
449426901 321
79215458 13097
1055495757 11716
233053393 2241
1479412521 16794
815873981 19609
972748232 9027
1770595196 9166
2072340504 301
153188614 1592
1397769722 1372
455823709 8645
663199860 7571
1500047650 15479
1805100487 9516
350992082 5842
407763204 20760
15126338 18288
1704308526 1014
162654727 6705
1728673393 9454
567430960 4045
340730392 719
1923622828 9712
1319331180 3050
1197555263 21641
1971664729 18551
64011278 8276
1995319601 8021
546180152 14936
356543279 3006
1786209199 14616
964045067 15972
447899089 12793
1780254345 18602
1757115541 5689
1762425429 4491
1559254899 8367
1661488742 5355
119360606 18939
1268926939 6963
2029671150 18524
1040739570 16004
1277928850 8590
81355578 14886
2068655018 111
1600304866 6635
1262626635 6569
467309168 19848
1752720469 23379
2004399771 6890
137729569 11941
721160080 14168
1361398046 7398
758790675 1844
1940702542 1064
2064896807 16519
1189945112 24963
1533193892 23635
1279776614 24617
370852836 24187
2045633556 312
1466115253 11370
1698313229 19636
205507996 16098
120675124 21008
871949237 15535
704517687 14250
250965685 18969
250672134 13170
760263334 4184
676171312 8321
74456720 2035
2108080575 24505
1928276645 2362
1887774074 2085
237836951 13129
817615214 21531
1328141440 5712
2003674205 15
1633004451 12253
1495085829 2140
1765922071 9480
760948939 10632
1115838862 4071
981684781 16499
1361692071 4495
1917716716 23642
677072519 16008
1565727847 8010
1339871538 14783
1479472381 16471
1217510194 15801
1314125422 536
480205968 24049
1336217709 16136
1417705219 7334
1451110153 4155
437637551 21045
270323438 10788
1475118358 22279
43558252 10248
808536611 7200
191892658 10612
1594851866 21316
1464093679 7343
1093453665 4343
1561969407 18692
112449100 17698
1326998407 22578
1037004640 10932
1013426531 5680
1373333701 10634
939644595 14026
15826391 2757
17459752 2814
558406902 12447
1291887640 14996
1763924860 20265
975052522 4887
2056938352 17485
1911771009 19651
1863361687 22663
1558439906 18981
984818030 17043
2018481002 18279
403003287 24387
1717897889 6
1679876925 9693
1102782059 22809
768471267 7744
561597485 6529
93582474 10633
1307414064 14972
124455348 4087
333606138 18578
536944639 22552
1983041364 10194
853639949 9977
790013245 24548
410822425 22695
894070264 16623
452612511 3401
1211841966 1162
1640841637 2664
700699014 2981
1144885751 6301
1802551118 18359
1988231461 16773
1907285218 18201
1200320277 1067
950422425 22490
152535366 16345
590011502 832
2042463423 4297
473527373 2548
272626997 20986
1072204281 13001
1939020990 6221
1918664862 11384
602139516 699
46434739 17995
1775621179 22573
784009635 18219
1959482852 9786
106733828 2677
968631264 11038
44000015 949
731062150 5361
1339483889 3869
907647893 4534
174267932 22687
243243179 18539
1699837374 12774
1240716032 22027
1742658216 4137
909890669 4474
1753382577 14178
217541698 3394
1717867309 17688
1384512205 2954
1198606400 12860
1159555670 20468
484220732 10291
838511336 20209
1228844723 11900
1901145931 15597
2096493124 5815
1880235325 16502
1712249043 20819
1010951728 15554
535861023 4974
1923360340 22323
1439565184 9919
163244740 1396
1822855004 7591
1552624353 12356
1158092811 21752
838345972 1691
1557764794 12474
643615832 17131
1789159409 7065
767167075 15527
1619851623 18488
1231775591 18577
1498450443 5721
1002542445 24854
897660382 8477
50655815 2470
886788810 12717
601201803 7555
501475163 21389
1955482040 6016
467478445 20660
569036403 2675
681619367 9179
479098029 1003
1650366870 3450
622375447 23568
1010506151 18066
683150717 23031
162745010 9598
1512314616 12089
110158453 21686
740307009 15691
719563052 15790
1799560961 20234
1030232115 22915
1947673326 7034
1392648902 3557
115372822 11352
168339507 198
1775379362 13488
1486622776 1631
88396809 10109
633713362 8786
37017019 11148
878293379 1052
650118990 17271
742727473 14240
2119971064 5842
1951223179 2836
924118467 22173
2142441545 3874
189302391 13538
708030473 16953
1365103504 18653
35218077 10651
1453434564 192
680381739 12793
1475686836 3255
888039506 1926
767500045 2015
1885262765 14977
1446897443 18266
387740994 22029
1929232606 9461
20123748 3900
1341206694 3474
224736028 9185
1733850887 22528
955917954 1094
430766356 19111
2080540732 10120
1810874899 2073
892445340 7071
783121334 21262
1590771755 5385
753722670 13260
818429977 5183
198827527 20029
440669660 2962
1996683909 15631
1515937132 15865
617873835 10882
1054953533 23584
1637794252 23115
160535662 7260
2002897927 451
1524470660 20213
661847394 17202
2043948451 20380
358006579 2496
373856669 2915
1061109128 18416
343872332 14150
745026629 8487
1735999119 15754
2141445854 717
167813152 18691
2134563513 19585
1773512246 21645
1895544149 7737
1319521311 20097
1037700954 10632
965774004 14219
2092661729 6851
1767680273 4162
311187093 8088
2010626069 15209
511671918 9546
215419843 16276
2123076816 14535
1941046571 11393
1718778310 13675
1544473511 3375
1206426846 15707
1885167888 17454
1635521890 9964
1014601876 4204
794326679 11658
1092636446 613
1137781824 21744
2118491200 16522
297252176 17155
1911098989 4089
1174795126 21335
1138992526 17335
347764654 72
276059738 1687
1281449986 12466
1946088904 1805
935709184 23823
544824470 22704
687453609 19845
1316903057 3961
333218893 17039
161096385 6248
1268621779 8780
1490463889 17179
437730706 17117
1652741656 7896
82997205 1244
944401725 10498
655277271 14090
1766492512 11914
243664113 13500
559614944 1159
118832948 14038
147488633 17478
1808455139 10012
1965994470 13443
1311664149 20295
1267966640 15774
1086357513 3946
947609973 5438
1955044362 11278
631111636 19551
812130511 4554
1474671461 6968
1506587799 7260
1410705691 4478
555850858 6684
1994009904 23648
1472790640 5337
350831695 5986
894422256 5595
1008959968 24851
916947564 3458
1858714028 14109
945636976 19880
100891618 5061
816068487 4998
2113915995 15805
820116741 850
856651533 1626
287946108 14932
818416340 14766
1836112095 20813
805104989 20918
1637989114 8198
805115396 4631
146675741 11415
1493663881 20236
1870415013 18379
597206099 11622
1416125338 15933
53608196 5218
433206630 13447
1331628009 4159
730405538 14296
513367747 22876
1955773783 6451
1082633544 7935
497104382 22476
1248684046 16987
1790951823 5301
2129706158 3576
765710294 6004
1288791174 11437
1276221054 19708
1921872180 2017
2048188447 4591
424259149 4833
2019101243 20377
271177894 15629
530511003 18743
1189766684 1225
461775335 11258
627780385 10253
252746973 15079
1630554604 11849
1428298557 13538
111777758 22607
1850146769 17746
1473582656 16116
176889779 3269
2105966796 19703
492313243 17756
1338508436 21520
1073856441 5948
701707935 21045
577325053 23496
1520550094 20521
732075635 15522
1690817010 3751
1625127770 4696
1413222864 16251
976386760 11959
1258955622 22843
2125830084 3904
1247145082 4177
538397902 9441
2055626814 6353
893347020 21350
1013002372 7035
666806737 10997
1448031330 22482
683399037 16402
999121849 18708
619909612 2268
846868164 431
567657812 23615
1440577939 6122
887503874 12120
1706705203 2446
1054973315 21901
474662314 9408
1669432497 1807
222038317 12157
432480487 13015
337032574 24879
370882750 16172
16435793 20921
1158115331 6939
1841764683 5928
206570046 21372
1566576778 3166
254493409 17501
355468454 16959
2131782370 542
1052473457 4672
288157737 15764
930730875 22612
173128451 4930
1257944606 18420
1302542589 20156
96966318 10840
1910659182 13096
1753486483 17273
1880856292 14054
1083509021 6500
1385430943 16730
540343719 24347
783845147 12563
1972887046 10523
1988887675 4030
1120851789 6500
1041669801 6051
949544080 11538
1850840376 24977
1559972486 22854
1046476134 3060
742454324 1556
668301486 11365
1400669526 3617
2022150219 24166
1523506285 12564
665530737 22236
701528452 21626
989367453 17718
1394013792 15395
631156038 16999
1386926380 21450
21328025 10710
1328796300 17049
2040630637 18077
1141066162 4842
1133268089 8771
232390998 12842
1807091304 15149
1709072776 14563
505818913 15867
317081469 19629
2035909174 16762
229663608 12480
1432165120 12213
2030447753 16920
139760711 5270
1288268017 16810
590639299 11365
1273312702 24777
1997924770 22084
338481412 22014
486325346 12034
1444282585 10764
1082935530 9311
1660923414 13166
1010274909 1220
730755792 20340
183928548 11482
816574459 9326
1163453683 19133
1053108456 9305
1795355817 22457
1709668499 9020
1649786102 7661
1322397858 17389
63196474 21018
797826110 16518
655796080 6915
1023544560 11458
1748967155 1524
803106574 8881
1150554578 4715
54393744 11263
1535075814 12617
1601184140 20063
1449312559 8019
1967168080 1790
1727521431 22515
1990783444 2710
1534458477 19116
139318576 16723
926182374 10975
1351441390 17616
1689647054 378
1377788699 11307
1230348568 24245
188870606 3809
492561595 9631
1302444191 11399
1134715758 18873
1580600043 783
1449261050 12567
2109422647 10104
351678324 406
486069064 18346
1621824778 7025
1770870985 3245
678465391 10720
224896189 24140
1832355894 12558
1846160753 1917
784037183 8092
1755231733 13982
1670281207 18705
1187460635 23197
1958435875 17568
716823162 22184
480321318 14839
1603331112 2770
1720199093 18393
1972093269 16771
1526052056 15192
1062139445 17117
1881090712 13147
1439620632 22616
2039579797 12824
1937849284 18757
1837284268 9083
1294726694 15808
113478966 11860
4706265 14775
1873673420 12133
1615722031 1936
1730666392 12977
1491622477 265
2069784104 2442
1017803979 24317
482544021 11735
1668464284 600
1289075577 24031
1841394933 1991
1666178434 8606
2091700681 24750
457001251 8644
461466420 910
990647404 2582
974768022 10518
1802208168 16270
510592496 17928
1214346318 5643
1996993736 22323
935298355 5878
966012211 20742
1633657291 19070
963636672 11385
655359298 4188
2028080801 8433
1745440151 5672
1324164002 24159
313148287 17187
1572851453 24461
602554655 17796
1077056982 5184
110941865 7996
1750443788 326
250619369 6596
1757573892 18469
41061936 1757
1632787808 6992
2016018267 7951
373171074 16139
1159519760 13868
1407909291 22640
829659252 23427
1425145859 15636
1309734079 6063
1759372411 11735
599251318 18020
286178270 3803
1868018379 15060
734556673 9640
115938413 20846
1434540537 21660
2110615878 22775
248190593 11899
237262072 3084
2072398127 12863
1829503728 5474
1726802983 6034
538869317 9621
1408579203 12913
787008528 22447
593590326 8238
989481588 24750
671368962 1415
1929169512 11301
446058833 20946
1478865569 16859
78634048 20559
59766012 21556
672002706 11452
659117816 13613
454974871 17423
1345332891 24888
1569754958 23913
74240859 16678
1382890520 14366
325161919 15062
1921728197 349
1750884955 5321
1237184392 16231
1973110895 21720
244127669 19507
710113623 22492
1926211668 20460
2110064517 23344
839185479 14793
1034991069 5275
1346230953 1286
1439612760 15186
1356635570 21904
2037043142 20708
603808000 9395
472401416 700
374935719 12243
94277664 18915
1087234963 14097
1889180223 11216
311926870 11171
1954688250 10390
169886865 20351
1713790230 23329
2055327778 19395
1506069820 7423
438991293 9697
1743009213 4925
722600124 19113
1372940664 14636
346381891 23830
285203366 21057
1487096803 19203
355198762 5852
248719993 2485
1599829474 3303
1537779818 5475
1628937121 18822
849016827 7475
1405478745 13241
1679378487 12409
96916568 7276
1984712161 13128
868829716 50
1798267110 7915
148296962 18170
9700680 6942
1721927220 6170
2005608194 9077
2074508271 13324
1077605969 3487
346673398 13557
1449851647 14638
427902446 24052
1189867732 20778
1556884066 7275
1341597873 4976
1040049 16650
1614506452 17257
1663366322 1401
266208717 7260
275203989 3590
1709831996 13313
2094741631 21272
603782816 17929
260690712 18349
310323633 12403
1695312745 3147
1909686582 8063
1068697051 24008
2062881217 21158
1098033478 9052
1579177664 8472
1693978342 22071
366233992 15792
352001270 5613
1504241520 2514
1402777371 2105
626077247 24537
574473628 8495
1647647900 10193
1469445661 5579
1404247685 16519
415277009 15181
832988007 17285
663513084 137
2112758414 15518
1343022844 2022
1011801871 15223
72630334 15978
1080321033 10500
475573781 14094
1501339819 17407
173036797 17239
292637927 888
1120835386 1176
2115607829 1307
245908036 24187
745380610 7766
1968782263 20416
1094411206 4999
1714430418 22489
378539967 4772
1993758603 18311
478184904 19288
48810844 5304
1901978400 19608
734870363 4977
526000763 13499
2062900206 6120
2132801507 14980
1519294836 9737
1059701914 9859
188918688 21681
1464972439 2905
734440385 7723
365582268 6478
1503366140 15398
1493239032 4922
842937839 22461
484411456 20187
1180140542 2987
1615367526 17777
1187181738 9909
229983273 18500
1458974684 13663
532818261 24658
1848134170 11928
1684011600 18048
830266602 10652
606215165 1365
1600836472 14185
387199648 6856
1044859515 9550
403723546 18608
163281165 24552
1053762840 10789
547263497 9894
1709482223 12103
1953297828 5821
1176090299 16544
1101176571 18923
1899137153 2392
510583285 11354
976566405 17835
1455179219 18353
280810234 11393
1372933436 19386
683015601 10404
1463495062 17921
602100310 7893
764692324 21308
495679050 14323
1170451184 5937
1551170434 15223
2137311646 3714
445983617 9395
1740372901 11805
414641732 18191
809744859 15936
1305442156 8970
415733237 1226
1679559843 251
18793231 24095
1657187047 23125
1710035841 16210
1394438473 953
119383585 11472
789809222 17338
1111357350 22566
780150060 17386
1611371267 13195
1708137849 5415
653620134 10022
1498484324 24319
1335860159 16918
2101377384 10794
641892126 22433
1313365570 10889
1795006944 17349
201620577 4374
1598243763 7728
755891988 24317
423306063 10984
522764045 18909
503398452 2755
1335602632 23037
707068056 4679
1309434579 20017
1208062859 6010
1001456157 627
592946478 9043
1752322032 19747
649519687 7405
412279043 23038
809435139 13012
1781916868 2188
1327900995 7320
867878020 19895
312999766 15304
629661486 8166
287679937 7503
1116111791 2507
1162555085 2721
271457695 863
838802528 2602
1971304316 4463
1646715963 255
1135606208 13011
1120581597 352
564506108 78
581005372 16604
1741487558 12934
1407772283 20130
122359684 11395
1241148289 21592
116944395 21586
1924489877 12286
1708734140 15979
213378556 10117
765771486 23060
1754173857 1385
1600318797 13981
1318753280 7647
61984866 1031
1248161570 15578
603631552 3889
102285120 9778
1754496964 15132
223624104 5673
1861044068 13091
364568041 9198
600836647 18324
1989707064 17371
312520561 8153
10327578 18013
1309971308 20401
672589283 20289
1849641973 818
800888349 7703
2025444209 2126
321025417 24997
515857205 16953
1308730354 14398
385073352 5450
2043051583 12988
1230796777 20040
1096467396 1090
1376401558 13989
929687703 13202
557250853 23432
1751687008 15902
739230083 11146
819163652 8050
1556641151 14093
138388544 8865
1034130198 21443
138850717 20743
1107984732 17635
890983405 21314
1272785646 22398
421326214 10918
1273659651 15730
2081932583 22049
469288164 20564
1510920215 15141
629356065 12615
466276657 925
76237678 15309
865238453 567
1363430430 11329
222828481 9525
343990537 5164
1212355094 1266
1579035351 8624
777493792 17589
220772508 3689
2043045969 24878
1208009749 21548
1775052709 12393
471819846 20945
1372485177 13370
551700315 12079
903307644 8063
848010669 22665
339416054 18149
1673378123 17068
1813410888 6661
1491085117 23328
1565283544 19003
1578393886 757
439427844 10821
1739453185 525
1005738255 1987
651340386 7986
1954043006 13965
226938007 16655
321945381 14761
1154753635 9639
1966355628 4759
396038929 9322
1129693027 21723
1388957277 7460
561514136 9283
2017378137 15121
950300681 4540
710575922 11141
1901264009 10617
1064576853 23247
1207693662 2762
176255803 5005
1691346189 3470
298999417 18021
227826009 869
75981259 2849
1436304218 12264
566068974 1277
218472697 13669
1554511300 10704
509068921 20254
367498711 9687
1083964888 14187
2085295988 1467
2043515511 19953
284344538 6111
1622008979 2115
867938175 10913
941975544 15536
815155569 13286
322333820 18849
1314484333 17103
2095453398 23614
692436572 19223
2082575253 19147
1957348415 18639
631420414 3903
818698717 3244
431544047 22530
920568857 3429
1952823152 19658
2127235920 24371
1849050272 18125
2142090863 13305
1331366420 16964
1318086818 9113
748984199 1858
1790523490 20931
314673084 8006
1628959530 21343
1570143029 15076
1788162939 23763
1511576219 12891
881218694 21363
1253174534 2270
1463127121 21052
46575020 14526
939349689 10462
75769669 19874
436591001 10757
723612351 6889
1548871063 24821
779890649 7812
57160003 20604
1820724665 13610
1945351360 7859
711407752 24509
237209706 11527
1710475498 20537
1422945356 7060
574908147 14889
89328045 20359
1739091160 572
1520708263 7314
1638600803 2569
1000095239 17827
120289791 4147
1749275194 18130
1004114931 10752
1323562383 18324
1524444294 22305
1760796809 16645
2057379 12041
1484729696 21081
108593792 410
1822369607 14776
704172248 6056
336131823 4080
989067395 1876
715212769 14111
1168543438 4779
1247832983 5944
1981507997 21235
956065759 4548
1598188645 8687
641710493 20043
486104397 7599
1217700382 21121
1198215473 2055
1323375684 22034
1434122559 1134
143304153 23298
1513723112 18026
421883875 13879
410290611 4679
1397316512 2333
1795810831 15463
1771544838 14598
1911070249 14599
211591096 23808
1557575784 2269
145369755 6676
1376199802 21259
1255420246 22850
740718633 18886
469918543 24644
1832776806 18525
1430916249 4203
2017506159 12245
1437406078 4111
1575243283 991
2047387984 9676
1737519835 16382
438530203 2394
722371145 7836
39053078 1555
1589481258 7277
1921025240 2289
1032050625 22145
775929970 9007
1250361886 24899
760268110 11828
1064312656 5702
223262242 2106
406973627 2904
593405199 16540
1615652854 11295
1143248331 13526
1603397661 24992
1339205282 14577
1473964824 13080
1090830541 1053
893531023 22214
2143415952 18327
1909400174 11256
1660638536 544
1663176605 365
20919994 8666
1370574349 14722
1870166114 16875
1803588756 20506
1793405481 23285
177407074 19717
703149913 22234
180468321 15359
1898340659 9919
1772634889 13764
1308643737 5234
1998557512 3698
794155617 2182
271809937 10741
121479685 14701
664782866 14204
426573155 1929
1785669823 21786
588213279 23919
1087926333 4642
1097420150 9792
417184089 20992
691623962 4878
1284509566 10156
1603487172 22771
1524157730 17006
488396280 13929
1045513389 18618
1602892621 23672
705019764 10174
428436600 20345
221297751 24886
849245275 19528
601908144 22691
39722533 12517
1111647861 4998
1927894929 3834
1877587412 8169
522142486 3641
2086571195 8407
1828411593 3504
1434817476 8138
36390293 8128
1871046555 23034
576323782 12562
2059297382 7889
1144216419 11927
1030403889 13931
943659363 9167
551574090 20777
775902993 13165
1218918483 5632
1858224031 14604
425160696 14115
1673055557 15786
430536584 6550
58599856 18211
918801199 15600
2122691947 23980
151216525 4691
944899626 2462
814478772 12264
438120967 9704
1972612720 16751
729787285 10616
1920956965 22032
1674165701 9944
681378302 2697
2055200961 5124
1112476923 9032
1513718015 15211
1121226744 21306
91316772 16850
2119599924 9319
1980425307 2049
1070944491 2370
1151890532 19545
1857363250 23335
1759757327 3613
2099424518 19077
1947618438 3511
1348969592 20950
1894910175 8200
777387590 1604
1291355791 13762
872241436 8610
2075855423 24054
1715004397 19051
115303643 22721
1443708978 11599
646194910 11868
684509219 22880
65641873 14576
1012157558 21839
1037579238 10315
364587803 22346
583449165 6669
649230368 11486
1577319147 16354
1927897543 24446
437990209 5347
1397626054 13502
2127799304 13039
958363052 3068
437532748 7542
1815260272 22057
978458323 9949
1848802105 21885
1206424456 9981
328547008 3803
1580196620 3199
1575321836 24075
1775592433 10571
1183986936 145
911838340 5891
823691031 10426
1529603748 11550
1902432235 10047
199879550 13654
337059887 11597
791292080 5348
1804348640 2368
171455874 10059
298464198 15296
129787165 523
2072430359 24139
2057051608 8707
1985199916 3603
1439165050 24076
1010153650 18465
1848722725 14202
1110530356 16550
810466397 3726
1713671800 20590
1639261088 11325
839796086 2778
1540748135 557
1884344649 7257
1309231732 386
1191488638 20757
1173083962 11245
1443453587 1473
299806367 12491
407322149 17322
1202913194 14947
25620872 18651
1262714643 20613
1310274005 14122
733485595 9101
1582430820 21639
1118010159 2127
310697582 13726
1505310785 1943
1927735433 13317
663983079 16470
1097939373 3630
1432103694 21498
516627997 8751
826854145 3981
1389648797 13726
24833347 6713
1224086835 19423
354161089 14863
1482423865 4104
61560529 2744
510103172 6581
296221575 7367
1320932873 3172
1908438744 1421
1849429796 17082
1347304104 10412
773055369 24248
287930048 5618
576834774 1887
1644739843 7350
1242148710 222
499212172 3589
1905215795 7352
654897516 22687
1295183419 16651
1559520682 24253
1520392619 3177
570358877 13818
1915696634 4550
830424412 21679
1142794002 16754
1205593153 14423
359107285 11374
1919074277 6542
1951671469 20132
1337549862 15914
650596443 18672
1747942048 19354
690759248 20084
393672856 2793
1521289674 720
1563950900 17651
279576185 16841
1272607471 23156
1537704058 9486
1080980660 12573
1688812872 13418
1204429036 7603
826042483 4246
717130148 5768
564153250 7585
1793012099 12693
1071009077 15147
1995202206 3617
1740779211 7826
457820467 10279
94667606 2696
880370265 1376
346365944 3120
52904111 13235
584480584 17435
2082127113 10190
197121447 16095
1282668735 20110
627755008 21928
2077030114 14055
606963356 23998
1475416860 2250
702027439 16786
2079018020 18718
270698326 13824
1940771455 19912
1165351017 19495
1165303771 16077
922099692 19837
2143735172 13027
2020852277 17802
1890497977 1356
1832939238 23645
1530361026 24252
1192154633 14087
959135813 6939
1951743890 15215
770963072 6053
953082688 14656
1326458189 7997
1131480501 19767
239726735 17569
1647798654 16012
389508517 19571
560090068 14664
1233362196 19673
1484178394 7809
113351914 17963
2038454944 16123
1769949255 12979
650937422 20487
823253510 5181
70640518 9442
93063255 22507
1515567840 21943
1836044424 16113
1788712575 19880
1820196330 14328
1801881209 18476
1105034583 18222
1378229530 11645
1292498196 22908
1312373290 16114
2096341343 2016
208033161 4013
811002165 11162
1223019722 18423
1263612755 22325
365469730 21916
103173807 18832
1516560533 1073
1724092207 22730
536455057 22485
1305261953 1204
1315024000 7795
1249592374 12476
456485571 9764
2088434997 20680
2067043334 17970
1766779477 18868
417349467 5191
523333363 10776
634206343 15572
528722965 765
1786107342 20117
927216186 17987
1041608784 2026
922628250 10019
1935105351 13816
639031929 6294
2097787278 4561
1294064248 6104
1229111876 18263
171033991 14986
378519123 23201
847270964 3537
273953081 8336
811872536 10599
305816107 17801
283951882 8233
1292737499 6617
1351747776 7907
1555160733 3615
1647061600 6822
380298204 19428
58859989 13326
1778951576 8372
1193400135 8726
1133438011 23935
1356977751 17928
760324358 21289
891347381 3142
1478790836 5474
849664757 39
75148609 24365
733507140 3500
1498044084 6812
1530704061 15766
450238651 17239
2059880635 1595
670235118 21214
1798270019 15797
451505095 11758
1495333410 23596
259036438 22064
2033322737 5284
1098840071 22022
1915522958 10673
538201843 18431
1790796486 5794
1663021515 11297
597158552 14520
1315024228 23413
587864897 15230
157236031 19858
972935498 16040
298951360 23743
839317683 16650
651149162 5576
1995607780 6254
1922421170 19320
1777906321 8305
1288320717 8548
1293559023 6007
1255839408 12997
1684409949 12256
1817719391 15914
1622928621 16542
1412891988 15926
519442335 20163
1765668307 3443
543561007 13944
894211762 5412
355490759 4385
692799021 4288
1331104573 5667
1047790664 2740
1139502170 14483
1508547687 1572
1476854292 4356
1918829391 21932
1749091678 9962
152347822 15425
1040731433 10764
1081391309 11226
1379905428 2711
20514082 8403
1218624037 14951
589108932 18009
826331038 19179
615117969 14467
1461767174 15524
729061788 15299
1826156817 7354
60893603 9452
1211351171 18578
1482031909 481
178084984 6710
1508859159 13213
580042625 18331
830954035 11520
260302114 7197
1214073970 10473
580354884 23032
1009873669 14146
539330748 17782
171527378 7146
618339823 6320
1358025603 4101
1096026536 4288
813306772 15334
1487481452 11514
1074150950 197
1661805612 19611
1306476111 18295
1081579446 3630
2008126424 20396
1561533865 16072
670609381 22446
938263144 5207
349501541 695
961202044 23904
180990465 13490
257956281 3370
703022797 21887
441039144 22295
1583455946 4504
1214498503 9916
814595939 11305
723717818 12951
2103336354 16574
97440633 23778
1970007553 21003
722042423 18833
311746468 1598
375658031 18250
1157873387 21377
1967788620 4010
1969135998 4722
1643696845 23219
850468900 6357
1656927024 15307
1239107668 1086
1720974775 9094
740089995 9235
1748824985 4268
1891558874 16888
621792623 11636
575859948 18921
802946356 6694
1744643121 18650
42272266 12490
1735308384 19843
1862685794 14808
1949834250 1802
1004782107 5504
530686153 10278
1537565842 17155
1192098682 18487
486433218 16266
309269867 489
2058287013 6461
1397872907 14798
2133481430 18356
1844726137 10154
1748844759 14504
1715399865 1848
2045793049 13888
414676405 17870
1132061156 22891
383410170 9364
1540386967 16106
1187044341 20609
911029147 4292
1294346458 18542
1004475219 19511
715180601 13402
920699575 2473
676216107 6251
1113649758 4237
1225375530 3243
1979758882 5777
508775424 4346
1939506226 2551
1200439502 14658
652048452 22809
1164849600 13753
1237262854 10602
1445657901 12182
888547618 3078
1168243649 568
1601267208 8266
1942325852 13575
785591531 2990
1982327488 13259
832276602 21541
557134346 22330
1415426967 899
1483691890 2247
1877432113 21195
2008389288 18486
714011708 24691
737519731 22221
129864534 14766
1707424212 734
1706982903 465
480419274 17965
1748320355 4134
1962280652 19368
1704699853 8036
100723821 3192
1299805719 8246
2052190896 3409
2092871668 13941
590051248 6740
823058238 11613
2006603643 7382
818063975 9770
