1891079598 4220
610515324 1147
220000071 9712
2126025695 8924
1163799783 6715
1007524427 19237
1859711098 20277
444742961 14364
155168024 2471
959443298 20730
1759854256 8708
1065182552 10634
760389701 16237
8037187 11650
1708110073 19528
1859021198 8962
527820537 2842
1090616172 16833
446901660 445
1424931419 7822
1093159164 4284
266137068 9184
4490416 21375
926917656 21567
1152331291 23626
241692899 9668
299704021 16791
526185383 12048
1562590 17762
620039801 18443
899882872 15615
221334820 22455
92381601 13701
292886324 17102
1565588470 19004
1936674994 3216
1687598998 5671
1230617093 24758
172259047 5198
944573819 5030
1972322830 14827
1507029835 3593
852500002 19748
1585494243 20173
452430832 15361
1080784696 8604
330910572 18916
535853536 12275
1891099248 5580
291717436 16098
2135329259 24385
699604805 14742
1091545550 2473
2012470564 11015
729557877 14276
491255666 13757
217972605 24778
653236134 14166
658790639 8982
1892907998 15846
300621143 18037
1008522790 7411
720689229 2631
769643974 22608
846947190 15620
882228097 12294
1004310593 3850
120806064 21743
2108496730 17029
812727579 20597
160520416 727
998932426 3501
1584648844 9764
107314251 18693
732925625 574
163984172 4847
1093614157 23713
1012601821 8534
1023384322 16189
1847917162 8547
1862124233 4975
445184053 23909
1653374695 1561
286241252 20979
1988719660 6158
1570129842 11358
244355509 12501
554714367 12969
505949497 7638
1194659102 24727
1449363532 18126
197138623 13556
468090082 174
1812520925 14751
1398438381 14019
1825114568 11480
1263352828 23718
85216480 15855
1876682187 840
86077779 24578
1798636952 24543
1929707730 22202
1411557995 13747
1867663384 9329
599302335 1775
1555026488 4404
1756727246 23186
1493114842 16499
879939626 11494
1122228506 2769
2043403167 19029
1538413633 7619
1991696667 21596
1140846869 14158
690737839 17790
1056779242 24720
1443383227 8501
1157435060 6157
11694598 20800
2000665084 24705
1708174243 13984
517820279 19066
271804997 12665
931934668 19007
1555760023 7572
673675304 13388
1727024576 6990
1975371745 19048
1682507161 17120
1270590185 18334
452036301 19754
767852862 17306
1573369393 7484
559146964 13272
1848894259 20470
73098620 22184
1068950639 24126
1683326520 14314
2033678170 4676
247078478 7297
1548069635 22803
2125216932 13843
899994517 2322
1666544348 3890
1011988150 535
619477552 13086
77182128 4504
1730250359 6897
1759065980 2190
238033022 23076
801745034 2037
1300098636 8641
869772432 8466
699299796 13702
1945715551 1064
1690023103 9226
1389749159 12618
526298477 21656
214255776 11835
1373593278 20823
1757646189 16070
1974527972 7495
1715643694 7187
1099513452 14528
710743309 2428
1623243700 1828
45469297 5433
859107145 5106
1825058579 21789
237046946 2318
1947086159 20672
792480559 9103
1916696887 1392
527018457 21409
1766151597 21403
2075868007 21579
2087904668 14330
1122375931 8988
2054443034 19130
1024679784 11396
226167649 6212
1613580300 17184
972976155 13333
948805634 3763
278860355 3117
936117208 18352
892398389 178
705775663 863
1771626032 4110
1136517812 13698
1833202520 20335
513817836 9965
1118126976 8857
2088750697 181
911128263 18230
1770146375 15601
199208390 13555
1756220727 401
1129865817 20959
1005218596 18147
565539118 3991
685941909 22336
1644845761 16020
1909447666 12628
1127566037 1885
177971884 1950
949903559 16773
1919921332 1936
473847467 12153
1587376658 22634
18130635 21260
2127764638 24203
1207993895 14481
738341908 11364
486942110 725
398473978 10638
84810390 24316
1809906802 6575
340813341 3289
603756260 7180
883182604 16655
420656237 1762
2147266578 9765
949137336 2171
1365565897 509
1888498878 23151
1934126874 14598
1134116002 17819
1566066754 24406
1226891041 6891
707764202 20488
1697672267 18109
1004380780 16886
536094220 3449
17887377 12195
743196786 18422
218906294 20207
1313272375 6186
154497206 1017
1469994064 13842
17057267 24134
984978418 18375
1662151395 10605
1407367026 24674
1134985537 17261
526177049 15479
457703115 9738
761182164 22946
1289390006 5207
259816101 16645
61835021 2860
833829093 6358
1513847981 7539
1064715458 17749
2055000534 19794
978613672 14096
925233751 19708
472075159 10141
1419475210 14921
194714587 8856
1991497511 17296
469365247 15913
306786423 15942
1681126590 3781
958859601 8688
177126569 12250
813277443 21155
1163667454 22233
1623906542 24718
1843268523 14110
122984773 619
598108569 6386
750598661 15520
1893508712 1976
1030390646 23021
1150536288 16867
1639137481 4152
1405194374 20300
325443769 16182
1001838986 20617
1230138137 13647
721173520 22142
301540144 17036
1959897571 3006
46271185 3346
1800988656 595
1504231286 13708
45356511 14388
188694898 21585
127426354 14902
262409312 18545
1170890385 16355
856881443 8369
1540737803 24550
773509596 22154
465434754 10697
395532988 3933
261704027 13953
666131104 17300
1450978931 13185
843174641 1900
951349281 20680
1780872848 2964
1980870113 7000
633718851 61
53593992 23725
704633126 11099
1995771475 9180
2054117761 572
661254280 12788
1970394094 1181
26047426 12241
1027385752 12805
1094720688 3303
646256659 9582
1747704765 13455
610329629 24672
867218151 1335
1421863116 24111
321455578 4681
951486974 15775
1114811537 23566
9525775 15982
69821582 12956
1520588893 4074
264714584 24691
689459372 8811
2023213874 14486
1248287628 17504
260783932 22529
208680033 15779
1759490026 16235
231065126 3493
1263499909 18443
1654858075 7173
826661013 24785
1180571233 16486
760694755 14803
1311283563 6200
629299540 15903
1334151941 22012
131269202 1615
1960750378 23093
2032878356 19886
434018324 16155
1889170450 2124
552161378 6473
711364982 22118
1883395306 14569
964670580 20737
712575019 18398
566518808 17601
72031728 4590
1560723089 16149
1890743784 4346
2143341829 3047
1308621201 14607
957609765 2914
838381628 14252
1046439973 22013
1175238751 24300
1937703598 9853
1806441935 3276
499363177 5519
1247153273 4786
1562937716 23734
1782124410 7311
1701832047 2643
2064038939 1123
855689138 23895
2045610751 16221
1305873642 22657
1290247379 14626
1513506677 3471
524986864 6476
843752707 14545
235024246 20163
1979163639 23393
412626977 4515
580135778 59
1625619314 7183
482911240 3871
1381810119 19680
421598114 12738
904898147 18771
813983882 7123
831076762 14894
97344128 12691
1820867176 11232
1564370813 20591
1461908778 19669
1579188656 7782
218899155 2102
231626297 13344
1823454026 7200
1336938632 9844
1752512026 4975
1671014382 5845
1262868663 9992
1485776283 13007
1501183214 23214
1557810806 23215
1225616363 3815
81152080 5009
1642052377 8570
1647970835 4208
978208989 10525
1482232454 19988
346748810 21301
431928442 21004
1653233988 10202
378334157 23316
1179900000 17054
104197521 14877
1786098599 21751
1398404664 14952
654704687 8878
1651486372 18004
1390917678 23672
333847710 17840
1037205339 10376
1328855115 24098
865410248 10848
857628231 12684
2017287465 6634
185507065 11476
1386327724 10598
542413153 3699
695281328 20497
703866808 7360
683376631 3711
2097151068 21226
104186987 4932
1944801258 13577
1632044152 9339
966618112 16931
1535902943 3865
1654527269 20674
953750785 1714
592072353 8953
1965993366 5110
384856535 18189
746955643 9296
1705587555 24225
888657420 24293
819044539 2281
1116604908 10036
1582589664 9360
32430152 6253
442398728 5021
523387102 4903
1012401814 21839
738801531 4775
651855076 13541
1894067168 18558
1447389789 16354
490924707 15512
1069860249 24137
1856379070 7259
853629354 14271
407876733 19170
323913248 7025
1623441552 1464
1124111358 14387
1975576982 17758
892552802 13332
1829607328 5702
1319359768 20373
196072384 22198
1155972182 7357
2132204655 4170
1596035984 8476
577408847 9486
1476224967 22249
1187511237 24213
964292764 16610
1116312767 7895
1781437023 787
691585506 2027
2093246991 2291
1265644182 22265
555967127 13501
1218113677 8753
1820466556 23421
502558398 6015
1342467831 788
1320501797 8156
15634754 2273
1540302702 22197
232886866 16857
1414486181 20346
1349445158 22519
927675583 12007
446260391 1917
270912696 2428
629304289 22225
251240761 10974
1678967949 18481
1382721445 16207
908398996 8649
1618749846 2237
229546056 21158
1357776467 18892
58176979 642
167932388 11926
660105813 22113
273318411 11179
1409416303 1197
2090247564 16542
876003696 20533
743672988 13458
1271875890 20453
1442464955 19741
1639378783 12424
279602796 20709
1495869060 23739
1096201291 2018
1396429074 1869
845463642 1206
1712363942 15633
872524052 23076
1495604321 9647
1428433624 19353
2063228127 24195
261763201 10021
1960774911 11702
186201642 13152
1628656237 23000
2102611731 4143
2094599911 19934
1037497535 11956
61519761 13487
1704909436 14751
2078717366 12952
790694587 10587
2134295426 9568
824643891 22334
1610493618 16909
1112383024 16566
1719020476 7290
575377621 12967
437955523 24430
1686305335 12908
189651724 15569
2106322247 16106
1653792175 9047
389429782 23376
1348176972 14395
1869846930 19070
1892233372 11563
1491850352 24880
1790755803 2495
1724657394 11016
1534685571 2855
1309741251 9717
1033203518 23411
1063257786 22667
750590482 16711
78855910 13889
952618224 9312
63084084 2865
836561223 14196
469770327 4669
588405098 16769
1312727963 14818
767090886 16126
2029808225 8994
1753702447 85
2122829660 13214
563354943 903
682741236 19956
1955263793 2930
1924435595 17945
1726275651 5931
251906361 10360
1144524614 10757
1221069130 20560
1256998922 15983
449146177 21968
380624511 11363
646573314 1436
255143332 24419
120084801 11268
1438078663 4355
1933671798 5995
1010924078 2953
2144566746 7754
1214494587 3150
1063866028 100
446766983 11662
1170959744 14666
23442402 10345
782259518 23748
924094319 4602
1949502962 8641
1231977713 17780
1290706186 9271
860956951 22390
371394210 10116
1514561709 3968
1852090101 18830
754983518 4878
1939052744 21907
1758606914 27
2114671529 7772
1252836868 8939
1709279093 670
1884268172 8182
1190079497 17134
1320051230 20080
1983215681 14448
1770314399 12625
45904711 3546
1740743840 20864
1773933294 2171
1086800263 17404
552455172 13024
1461046990 7095
1716652565 3463
1050912692 19564
1432664498 8192
1142093154 24021
1018307557 9924
1219121471 20887
229915224 14396
65453293 23237
1265920205 14233
1988313002 322
165591203 7491
1111365856 2373
710995225 15997
1871051118 12117
779968526 19045
999123499 8493
1758700693 22690
1783776566 8752
221598379 23768
1250571588 12711
201866497 15315
1728693645 13933
1675158789 21535
621014497 10022
281266896 12502
46871171 8614
1334925451 10939
1342428365 15280
719265763 18367
702354836 15589
1580532181 5518
1538837199 18957
1674770280 15901
1581493538 6272
1997801498 16378
111383964 20762
155681997 12751
696609131 454
1790735734 19210
948390500 8338
1053119612 11689
680174526 9343
1587760828 9815
1740339290 11503
896328786 17346
1258419879 11877
1533110561 20875
921649099 11101
282175895 6347
1679851954 1742
588883975 24555
583144652 8204
342228085 15188
282389601 10775
1947372832 12362
1172917419 13347
1574103279 8118
1728210100 18888
843540892 13383
39456510 17033
648264678 13197
26313947 4078
278032241 12310
1416417483 24451
384459404 22230
731212393 1335
107936381 4171
1096404313 9781
1917317981 4723
1067321857 6998
1766203199 10315
1062244425 10915
933092928 14083
1334322696 504
1758853644 10694
1561873796 3903
1987985827 22353
1510381294 6709
1658391931 14845
337054409 17446
23946406 1519
1972862403 7921
1926197119 11557
889179814 22900
224436772 89
1193396652 5323
1341047834 1862
1668017569 1807
1015017502 3970
386055785 19217
1892470571 10621
1184231500 5236
1540343127 1340
1733171884 2754
1540475686 23767
188847293 22211
771993752 17976
103540807 5152
2118399144 17706
1128138535 10330
1099509077 4157
1628913735 6079
617001581 1552
1747070118 16978
1207200172 12433
722544034 22681
170095991 16702
1223026952 21588
1318460701 17902
1232848033 20152
1210884010 15110
809202796 4775
607379195 24389
1814263045 22173
454040157 10738
2124325857 9970
373095899 14070
95201549 15515
1090274046 15700
406789530 6470
542568693 19751
1715763740 5630
1252345023 13480
1277267156 12240
2085159190 9693
1643337601 12158
1229342927 19711
595376472 19329
1706020884 521
1674973803 13397
38222981 8414
743841803 8788
39048646 20558
1998358674 10338
1902117633 7396
1433242825 7913
1416581459 2138
82793566 18366
509313237 18265
1620704339 18487
935612402 18266
1817453310 18524
1431048931 10987
811728154 14058
361102918 16908
57505809 14727
1526533125 1015
278943232 21993
1397528532 5226
571692047 3472
1183244598 19561
1902114163 23395
66902153 2373
630019794 2734
1506892001 18675
561806922 12565
699009714 24996
1916850577 6159
49009981 6351
1226975210 9593
514889148 16339
232173094 24998
582452120 23181
2011537720 10794
1273136839 22417
887302825 16582
1163345882 1415
1115473452 9273
1948917628 20041
360460971 12302
1981044498 12705
783389630 19729
191759974 7895
1940915750 8210
2017835537 2028
573862224 2223
816294781 23430
1168046580 430
1772636626 21360
1008581280 18246
1483714988 12075
56287522 12019
2087847158 16043
273914378 22797
1134123813 1774
1180117362 8647
585894975 20454
709745068 18943
968703523 8233
1439053000 7011
965939189 18976
1564790930 4014
1034190185 13164
991286354 17226
1160935908 19665
83080562 20192
2104613132 22571
1905321386 10384
727253218 16006
944477697 1147
2083009180 3664
1164248083 7591
1032074024 2291
501295047 16732
589386785 13051
1362273259 17649
1645326506 14608
1635526295 17875
769712598 7669
2109133393 23521
473016080 12003
178887998 20426
1679957795 14344
1319478809 9528
478766866 24518
1035342897 5467
976609148 15373
1684712531 6254
1213655859 3695
583397118 19482
1188306841 19505
2124499493 13105
866019605 1638
2083204681 17977
2005502674 7143
1322225137 22912
1664197423 13990
1171861338 4049
1442550595 5445
499907487 21284
768110230 11354
2147028693 10390
1574228627 4275
458737111 11725
1228160019 10495
1871367710 16379
1398449791 4179
2044838974 17132
174196045 9669
1285326177 12286
471921289 7522
265969756 2743
846860479 11468
989020353 15619
1401549065 19879
1027968971 16898
1538391401 3280
300395735 12863
1491731521 17101
1627359762 9671
1564321629 1193
164542769 12571
1694974854 5146
270486942 7956
8803024 11361
1401908668 7665
1258438913 3706
666674479 14817
1619302231 319
1905822620 8115
229450064 21040
1559228897 20739
360195021 19145
359699513 18773
678675387 6962
1557725689 14925
2068809558 9715
1843183713 6581
181238503 5213
2030554423 19699
468173691 16267
1530630854 13967
1529918323 22896
1852479654 9063
1158401073 11512
553812935 19213
965723169 12237
1376493279 16380
515306256 6750
1230335604 2078
763263016 4580
1224219073 2409
553415605 21779
432065921 915
593907078 12526
371888678 6286
6129904 5512
468152726 9229
954763056 22578
249440008 23818
276273618 8746
2002252084 21913
643450610 23570
740059962 5277
655625885 18960
2143920062 19230
64444139 19271
777311428 23614
1735176377 11565
60818633 18063
1327595503 21485
1277207073 1860
1292606127 6231
1168717159 7325
246866395 23050
356453822 5419
873189807 22541
1470383728 16507
781863659 10697
1947564355 6094
776968523 6673
911258716 21256
905672615 19599
1425396250 3981
1189228595 24352
254242660 19658
1810496125 15729
1537566320 11542
1344912313 4157
712629590 12646
1196345589 3505
970007235 19007
555569320 19694
416698151 23774
1216966943 7731
1158656314 18833
842620737 19071
345319518 21242
1469643111 20070
1916155132 3152
1692256245 8003
403573240 19525
492936683 18200
1020922396 13597
1177258350 22331
168807120 7561
1226452872 16534
2146791147 18094
1700107984 18933
914576427 4787
1578634298 21056
1024139204 18206
530515996 7594
1677076661 17766
914127894 1968
1926139677 1198
1234766234 16360
1447169429 12719
1674046907 2405
2124735619 11853
1459599144 2795
177578259 2126
104337102 5972
643270627 24837
809828206 8072
670836603 4047
769152656 23650
1455145952 1527
1709864290 2906
1369234434 3808
689900793 1122
958449480 7099
1219392055 23442
19827459 11875
1830862197 24887
760933718 18563
718442123 792
1171346936 9005
204469920 24568
2118677693 19838
1927064506 20809
1808311294 11822
800276937 1412
1519437240 5185
1381905523 19993
2052585523 19693
1021083503 13507
1707345518 14847
2062574880 20174
1595507752 16345
1491996300 21398
1692168573 9953
947305416 9133
1008709548 10127
882575430 15119
1215282766 418
933384580 13014
1170752708 16925
1279971471 18789
1921814818 22971
650734223 12863
171735758 24253
935712296 8742
1238922683 18570
1524887925 4344
322769891 10862
1687504701 19702
1816558050 4239
1461990189 21867
2126829266 5102
1376824855 17099
1934916080 5248
1982414881 24215
697637118 3420
672075646 2296
719770557 1605
1008733423 5765
1771881146 12472
1423117163 17967
1496312200 3046
1442464565 12621
706116663 15731
2084375672 8344
764107258 11200
885773790 21041
110144611 24725
795393306 17081
1272407631 16270
226925027 21383
2036304491 13928
839536446 11861
34548672 3937
592051697 19883
549957472 9558
1615556065 535
382628364 3246
978934578 9215
1356542281 18845
1979414064 269
784967586 19529
1663654189 10856
213212017 22372
663549419 13261
440412535 22469
115749718 8315
1954891403 4773
1100309889 6359
582841342 19824
2127188788 19349
1411815514 5423
281404204 16694
1994592803 5367
471883556 14859
1626957892 14595
1533288302 15184
774247034 468
1439829809 14676
383002457 22483
802632236 4466
120165666 15831
1298206574 16723
1031600234 12650
39635132 15936
1270896841 12003
636625859 280
1323764002 5787
1015364360 19191
1133803133 13141
607949268 15387
1666527701 24384
2104576137 22107
1560651975 6000
727305062 20379
513078617 8556
1666865108 14388
291488747 7408
1331709234 21402
1824970234 8063
521750593 12530
1365267904 3586
462198439 19171
143429204 7759
1735577388 16847
2038475291 10383
1221958962 19029
1702573997 11474
931050134 1991
1726621901 8041
1680594960 14370
305785126 4268
704853533 7853
1909861907 7533
1057341071 13938
1530327473 2109
1440203436 23693
1706694062 7635
1259322894 7894
2116609051 6170
1945417554 13110
977171052 21355
1476048852 18881
1075988089 18639
1737180945 16992
32822233 23104
762978230 8443
1183644170 24922
943402245 21884
1955618249 5649
2045782096 12888
379975148 1109
950153842 9474
246987848 5493
1917271046 23979
1914074874 5675
1680752501 18169
332206174 5573
582464914 13375
1379741440 23604
465259382 12937
1099591783 4682
164977670 8545
1940493191 4929
575406898 14040
386789356 22683
58601371 16798
1398791471 1972
514519603 15944
2124577780 20812
1409173680 7376
454570419 18023
293471411 13394
839902346 13924
2028555921 12398
1524216910 20469
1482206857 154
122694535 6083
1371184823 14464
75154141 24168
1546391932 5001
1690842674 11741
1621098126 11491
1131967345 10282
140902052 13327
11259840 5814
799751191 3306
1068792864 17435
989405680 21092
1822324793 10523
815797201 24297
327571874 24271
1048066556 15401
2049325388 20772
300255845 998
712731041 8897
830789542 544
950750652 10213
337149657 16613
639477988 14385
696679317 15574
1711206651 14129
1703725703 1939
939466788 11552
1640617385 9046
30384077 18282
2038748355 21187
2138081387 12893
243243765 8808
1348626186 7282
7445764 22183
2052901127 24043
42670920 9135
2120278754 5135
1534991509 4701
1118577543 12257
1025328019 13578
602743375 17725
736610862 7112
1087202588 19056
947233236 17752
162851937 362
1024992500 18067
1537940452 7724
794840529 14290
1076081465 24054
142480174 4106
155265020 409
1475993204 9915
27148591 14570
641593985 5739
324532283 9337
639945759 1027
1387670200 10346
1252452339 1752
988614263 6298
758604242 15958
1838760740 15791
759246457 10963
1872144139 18524
1210943379 4748
1133957078 8129
217879720 14198
1625442924 11072
1256651319 390
1447494003 8874
939911824 12172
1112005126 16082
1730771165 2270
38349342 3966
837230203 13014
2010994091 12539
1513117086 24149
1551307893 15278
1573949958 20450
846191327 22676
563579749 17498
1175405330 24535
151289262 20806
385744275 2208
1036609025 5480
1550880979 17745
2069097172 20046
2086311633 19601
1257266026 10077
1627999042 24431
1137161432 2932
1104111215 7491
1040405422 3557
1426884326 22186
218593590 23907
1649151000 13205
251107897 14736
1744380894 14851
1406276572 21628
576461003 3425
119343267 10674
2104480851 21997
1543643196 17608
122780679 5320
238769918 20700
838021736 5676
2054244646 6859
1637738794 2940
667253111 1332
1419845420 7683
893882833 6781
1325694682 22333
805923554 24537
471646492 20689
1845845925 8189
1771454828 738
534368244 15151
1429181500 15583
431599538 23234
1330203266 16852
801860059 5098
924287647 1449
842654090 16220
1700316150 18935
617677919 19652
1583444464 23876
1032912464 5550
93688131 15270
698677806 781
36928266 15735
1687727255 17194
410046691 12828
157098219 6856
316787914 21606
1982024445 14827
1976486958 11911
1696467108 11006
802587644 8959
1535211135 12204
1893506736 23488
1672193342 3966
889468690 7619
2025450368 6684
1761422098 16874
892793323 21226
520637348 18666
1953341949 3915
854428082 626
1266188657 16128
226514627 23937
803489070 6285
1781726350 21049
1739979490 6900
1882399923 3439
2020996328 15058
763130080 5773
569825887 9000
104395812 3219
66656511 3049
1744052423 13621
880378269 3602
1285651668 9634
269244099 559
1611968859 3731
1206041279 24909
559446781 11932
1608851124 20416
1584162894 22536
1854797634 18789
1184066865 24196
589696279 22333
1103031169 13270
1618378587 22879
1816533247 22734
1733018819 24293
811706051 23699
884150904 19628
718736357 17132
1552341921 4671
1667487992 10205
1989344990 1643
1792901384 6494
1327106142 14619
1044094218 15985
1485840313 12024
146754605 22588
2134715993 22473
1890877072 17481
1242127562 24611
1259637768 24188
2032319667 18335
1675215094 7062
827120475 16458
582629942 16502
1940982080 2422
2092863002 21600
1935890925 1177
902829460 21894
2099846507 22545
468379470 24016
1679893127 13094
1666566938 23353
1863576846 15277
619515059 14245
494426437 12931
224285963 21146
1000414605 4525
1649792753 12516
2011675325 6585
1894828239 1737
980640175 23426
537869716 22381
912308126 9479
1513810189 20393
1178254294 22258
1587389075 10152
408210439 7366
447541309 14703
396266924 2762
939371754 17462
1084958641 7186
803712977 5960
1068799067 12688
118048319 7184
1081984795 16256
1039601463 6584
2016000679 7905
2015057956 15055
491802144 16556
67284712 13294
717318288 21303
178336139 16578
1548893633 22783
1984847356 1967
287392147 10867
1847753301 15317
1598294580 17013
144389069 20728
659891267 5787
982939309 936
1362180152 23441
1712679650 15329
1422106247 17907
1900713081 9812
1368703472 6285
852337937 15523
493639224 23100
1637549094 6249
804295932 4744
143904762 11454
456785252 2799
988832951 1795
531569043 9308
1803114349 10471
706148153 19738
1837330507 19587
2109726435 13492
2066844459 1589
2084646763 16498
1385120761 16567
1563102988 15990
1139221784 15668
942674298 6497
2087980314 11597
1198097732 9854
1161926383 24899
581487084 3113
775278048 21449
924632956 23157
1679174647 7404
225538151 812
1870542009 22750
308062959 23731
164498867 6260
508007086 23977
1103581791 210
1617322252 17262
2017074439 8128
788661141 6088
1260083175 8019
1324779386 19738
1188349925 2175
1356694634 5257
1395265246 6563
684080459 11150
894040489 18657
1633378487 23382
850766753 20559
679148338 2759
1239620183 10544
1948163451 20448
424054617 19347
850354811 7749
882648652 5155
642268641 20974
406796483 17884
1936838683 16555
1962594566 1724
989423083 16620
1478284881 5123
191783287 16562
666153531 12189
2077219030 6493
850744567 6063
1147010838 16412
1467078215 19208
1189323770 2346
1531094095 15692
672001435 2395
2014266649 8434
1774217307 2910
791275671 9115
1044538101 7664
2048612398 6642
473992774 2835
1226827081 11416
294411041 451
1813767712 9623
799237607 17838
684487616 15220
1944968315 20902
383723196 19836
1929604799 9139
1601020199 3143
1498754021 12910
65201226 6397
415783029 115
282593273 8762
938686543 13953
93333607 1491
1486113130 14825
144310633 9130
142567023 22059
1701511969 24816
1605464670 20082
1919225047 7077
2055504564 11061
675156012 14303
1801007836 18451
213770089 21171
73342694 10831
2138018197 7963
130124022 12079
2092199765 2368
397635353 1367
75339798 21276
45988064 18893
2098360919 14199
1658843894 11055
1117011159 21120
128586316 4303
2034034791 18718
1507033978 24342
652576389 14436
1643412792 3762
851865552 15822
1869343930 1913
1489092828 21548
1442971719 7929
532024527 670
748754590 13753
737186795 17997
717905718 10050
860041162 2071
1036938795 9371
909192178 10181
170703659 3333
1262328634 12173
2011815558 24648
771418230 20829
1715367782 21066
307722872 23566
725895144 16456
1522946153 5309
260247084 19870
1733030489 11842
772599877 19487
297802924 24844
621665021 21387
315380037 2257
1824328267 19342
548493199 2472
1207285196 20513
691324362 24818
20749098 16907
2065408936 1055
1942272384 5254
1481235973 19727
828157138 10621
618659092 5923
1817505461 13435
1149579001 645
1671295939 24400
2112052295 5337
479482897 9076
750277592 1624
2031678727 21120
2121816030 5321
1470341740 2944
306282393 21079
378855861 13749
1762675164 7811
732103188 24137
496143695 4006
991881837 467
1117251580 4153
1928143887 8656
1644693337 18262
1503048779 14163
835993385 24530
1248749017 20754
1822425185 14627
735344062 2628
125506462 21470
1736207531 3074
256120906 12662
1711419615 21193
1570126260 24403
1062216944 13148
1549177106 22970
208525148 7347
1859744979 7207
710444165 16650
1218686546 20119
1664084261 24585
1338024804 3779
890080269 14727
1032414585 15815
2099743736 17328
165457519 884
257246371 11469
1097704024 2147
343996802 11542
519591332 8527
1866173132 14481
937771912 21400
1531600628 18279
1128610963 15874
768107749 13068
1736109587 6978
1054415350 11294
838370078 5879
1579082435 20075
2057905320 24749
402167299 24004
927893587 21445
2061071424 15220
1278662054 22763
330511802 815
1123329272 3072
803988586 379
34584869 5287
1221155847 2783
1077380237 2215
469672280 1943
1947396397 16117
2009792991 6538
997694559 14572
1134530893 17173
1841533338 7013
1155829348 4327
1547535905 787
1828992044 17106
1658465628 10256
2671891 2932
1474704786 23448
1856967894 12435
1169752432 19889
1250981866 12941
471836453 19528
232006491 3999
1713085962 1678
300995133 17953
480337634 1343
2001508522 17457
659393493 18759
989955401 23601
458506760 14945
1879580160 11607
866754187 4450
1206265672 10645
469520736 23030
1224994881 16827
672107793 545
273709686 5153
640566751 19116
633594227 11621
133892319 3329
1258835703 11515
489491414 3578
407645634 16002
918946731 13975
1478059176 17041
504157124 6630
1889901001 757
1763975586 1437
780330552 11420
1068080988 14141
1237034468 4486
1933761482 24618
1524828007 6200
2065102644 22558
209686067 15064
1837728424 2571
996818116 6908
1472789016 12163
1689381802 14368
1158226834 23355
1591415970 9381
68085212 16534
2073983311 1288
1228703406 3385
539299474 6065
1668471540 20530
495912700 18532
1621771430 4674
57801135 4042
224150923 5363
861488775 24598
805131328 24512
823438830 23162
1647490657 6804
829985250 6096
1182580772 8128
448468713 16505
522131819 11738
1286451462 6097
1482705185 20754
633705681 10556
1348027082 13767
651141560 11291
1725924550 14339
975217068 3645
955005926 14501
1531679841 14933
1130192914 1406
382061275 10646
234246021 23261
1223515968 10855
130997861 23268
331582940 14767
1199424112 11201
44812986 21665
567433385 2349
303044632 4376
198541407 10098
1713032856 9728
1280766353 14044
334834040 18181
1364372226 21661
1435923382 22571
1787148665 16463
2083508209 20480
1242484063 6176
985350259 16160
121508546 6428
2011278413 18264
137632372 11406
1171414973 2122
257823426 6231
936582968 8782
481820561 15865
1823510923 24556
829801368 5695
1790982728 10548
809423023 13538
1452981396 17194
1031924036 12546
1196712847 11328
2076447920 14762
883348584 6686
422163383 2016
1662872086 7821
439111927 23619
1243463324 3696
701957202 21818
1023968585 23061
1585274827 22257
1477458502 13791
907571705 24280
162991100 11411
659875477 14913
832445933 20161
649112122 6090
1460594633 7741
1180828744 18844
2055351472 11344
184865738 11923
1991718640 15819
1607098696 11712
653924590 4813
512390784 18653
436778117 18026
1894752689 18602
1179871535 13115
1855167592 235
1505313547 12946
1808566965 14909
225922115 18845
1484591846 15173
570630449 3546
1396912569 17982
668357651 2990
2040850180 13884
104042633 8538
1266721523 23010
1768033727 9335
547979660 4782
1188740144 6455
473052007 13350
1411815621 23663
1790616355 17599
1997159335 6064
904537228 190
1049441052 13283
25653728 17950
1291097405 6454
1806750893 22815
84546503 24028
966902577 20975
1792320136 6219
2110698527 24660
1626325959 7467
1369496106 19356
1043991180 12141
368981643 19646
445005882 10630
1867299080 23783
77586089 18254
807500878 14667
1844486792 14077
1521051147 9756
1284370774 21186
839783738 17136
310542798 14374
22712317 17835
1944107905 22376
1399317171 13810
1238399403 9132
496457924 17480
504535907 15922
1057347024 23810
2136078260 467
1325335011 3514
384776991 2114
1303242536 11989
37512098 17242
535677079 12723
940619506 132
1765599889 14288
1804486235 2717
371690355 9177
567163230 13850
351662365 22638
1770533586 3007
1193681442 7875
165900980 14947
1359566864 12250
1678308247 12388
2042389799 2120
781471061 23397
1844596266 20347
1295243168 9390
293917328 11853
214492493 22987
1891648724 23974
2066928156 10304
577295416 13528
1035106157 9779
412841196 70
729186174 10572
1486951767 14410
829505792 20567
1697651332 14338
210873716 9348
1182857632 9739
1923497576 11219
1229295600 24578
928628847 24436
1218382385 22833
271438572 23372
1628966597 22098
350754662 5920
676670735 14014
535391770 9377
2144752067 24613
147605090 10052
1995792704 10709
1176189462 6618
996033759 19357
353698684 21937
1015438569 8904
701704417 18300
545141556 2857
765183039 4050
1008726684 15036
808619433 910
1122139810 22872
1397402237 4679
2041075101 11624
1139172747 3536
566053772 1229
1743225946 10178
1055417141 24205
1957390327 15871
1811459107 16961
31878531 4342
1302216602 23819
323148168 9354
179074846 1298
2144132550 21596
388664987 22251
89012679 17752
1871027192 18710
433386629 4914
1052452962 17784
53250111 6799
705492475 9722
1594962062 13915
1619576537 16580
450337898 5830
328813432 10089
1283435891 3344
1490670597 1256
1161843252 22383
1362552124 2488
1551729171 11164
1622258141 9757
641844672 12202
1820512128 18128
123383675 5360
2003940517 17797
376628485 8530
1452174001 17
18874986 15775
715930275 8055
889265871 8551
633411719 14928
165355861 442
918559019 18985
1256118148 24685
1061629725 8884
1185281539 4287
345768472 19411
1711570315 1278
535428302 10517
1063103394 10030
199478189 13953
1481411280 18782
1991954877 12978
2001553633 18254
1172387594 7252
612118020 6834
1908529541 10667
1495808666 4753
77043912 4944
1678282912 17788
244742437 6647
478626549 2101
207448155 5071
1422027083 3841
1647364412 24946
860182161 22354
95865984 21015
107933317 14741
1548586023 17500
571488969 7772
660043926 3080
1294433821 10952
235801432 6575
282760361 17818
1977231859 6697
389772762 6674
2060472363 11942
2062198206 22033
461797523 13587
2117314723 14361
1051490785 5747
484226802 6023
278383909 12545
1634652489 716
1210708067 10903
1351714069 4755
37885379 1400
185904561 13036
1715113605 5114
866186810 8216
1126007550 19427
1343978420 9770
860924098 14190
1061237266 3306
1958415244 881
1139413999 4750
917070975 6854
738366047 10414
1339192717 18752
908740256 19828
603627821 5410
1794330195 2444
2120190467 21770
246723989 12891
490707044 11137
1976315438 6682
1021817246 6156
1246107406 24349
313541226 5288
968883333 21850
1492818830 18465
143332224 7669
319068606 24783
587389133 5344
627819366 14503
412678311 14997
858463680 1582
1064931091 4377
1803577357 12711
720433584 13193
1679204828 3151
385118274 5496
1111531064 9338
1769303197 19041
214496883 3243
442725133 18264
53227641 20601
1385814823 16463
1389333117 24011
995085710 12747
222624672 9240
1977134088 215
1503879861 3054
1733202855 1075
1128367606 23772
271271667 2571
1375213653 23716
1857353050 4073
713641715 13936
315925914 7539
2039291903 20304
211499540 20693
1549830493 208
908491098 23208
1020588168 12802
1945921737 10266
234972098 18219
1578073258 2242
466491567 22156
761821982 6161
284558309 5235
662038791 7245
213686206 14615
883094258 22608
309156336 17819
410402579 8887
15061832 19403
1722506509 22568
1998587137 17312
140182491 7266
1238496900 8756
213295327 6171
1119744741 17879
1611246359 14034
1723445491 6376
1781981312 21999
712556972 7391
1180677846 13122
240486213 1714
1216627688 628
91841256 9081
1073354019 527
690402929 6944
251247702 15059
1052676365 23484
733184314 22331
214595619 6730
1757168757 16731
1139329348 3561
1812313553 24023
780608322 11896
365236289 2902
163033041 11709
276026837 9867
1465645772 8713
1023206752 13600
581678163 17035
1899884567 11678
980067138 11101
1199286593 20476
712738219 17392
1315202736 7851
1592075140 15022
800933809 13776
487757139 18101
407279007 336
1101474755 21707
1926892381 14640
1145900782 20468
1057133464 10231
113515951 902
1733869830 13582
1620069483 18319
1375100099 14390
300705228 11665
539720694 1915
595731170 11900
1022306062 931
241428164 24070
648753263 5126
2064556860 6393
29657804 23365
1010689213 13871
1605590899 17617
1658298860 1390
1369289896 3084
2136510636 17690
663671194 20371
2038276873 20311
836177335 4305
1633238545 22465
24354231 11945
1833314917 19400
975489742 19260
234295735 9582
439140657 9863
792376080 12148
1311537472 6941
1590646789 13082
2139906818 2750
322127692 16119
660298757 24995
554365909 18963
358744886 17802
1326100969 1794
1853504133 23778
76101268 3918
538237545 13987
2010288593 3167
1735324086 15333
1240061998 15016
1359348869 20521
1095570867 15402
1083819330 20083
591554533 11658
117281467 1275
586543225 19901
1144940469 14628
1889870250 2284
608859812 1073
1393444518 921
785428 2237
232064874 13591
1952052450 1412
588341514 17221
812758829 17937
990571099 8745
361439410 19475
1523426345 10352
65885187 20165
186585792 11648
1674893693 16309
130821211 11865
102547403 19664
812655932 13020
798344904 16013
1104914791 21176
1585226669 7526
1920769405 16158
1637014659 17533
318159989 72
1856214674 4185
1741976012 6180
481407459 7286
159207863 19817
383398488 22221
1049494795 22525
1434929016 1868
430232797 20790
2092530646 23215
1623347973 2297
224042476 11661
1372816387 3501
723434249 24410
584245653 19968
1202227133 11877
1580954469 20754
899856123 11960
1893321685 15706
2047605768 23793
238798515 7885
1837182909 23370
1288390410 11930
1906914492 16174
1204815987 3504
1917965072 15154
1438129231 24337
1887736991 7949
1198902999 22079
1188086971 1488
230977821 24603
126783108 1215
107849768 389
365423503 14262
500641496 18022
1924921923 12137
1450460779 6151
1037960305 9093
744470906 14042
1011775504 11835
767714301 16977
62947616 19952
1619578157 10015
1522054846 21629
1531771810 3886
2082313492 11012
2098028335 4764
2121313841 6616
516315374 17260
706704044 22857
493773936 18616
1671696978 6515
582160761 19142
931418594 21172
683914410 13639
615512628 20767
460274055 409
1495960191 8048
1242941623 15137
1233863804 7542
287385384 16312
245295004 16354
29350473 12412
1541303974 14590
594174856 2573
1343225730 16764
452551926 20413
753305245 19714
966339506 14315
1224836813 21294
194178852 2796
1962433926 9939
84048228 23663
173152298 4186
1256863806 11002
190813933 4248
386780296 22592
1199978693 10178
1491896214 6426
553093275 4661
490645200 21913
573619148 12797
553507945 3155
1216410544 24101
1392538383 21304
1775952844 14979
248893877 4117
1108206818 16284
224611032 24885
1711619852 15592
1502885953 24587
1630173478 17039
673193406 22817
488677491 78
1313041264 24113
131543907 24952
314158451 11044
518817263 7148
71607794 19624
121404536 5750
1571733761 2694
1304021605 609
2141910583 23322
336663082 2535
173910025 17155
1361651607 9336
968238541 9129
1530150908 20124
1143448270 22558
1574440035 15281
2021057034 2107
414551544 826
2089889235 10067
1703176550 9769
1832530913 15561
395539491 24387
330892132 21338
1689354177 23909
1396677990 10141
1074567669 8801
529999030 2234
341009045 7905
221901224 4718
1402966246 1630
1437388095 3992
709101129 23952
778000753 6141
173493236 15389
194555323 19766
1318107374 11968
1044512068 2580
1019927795 15127
1922711094 2798
885221014 19109
1167863741 7410
1903643615 22181
2079309191 17862
630093287 854
1027616642 23073
535454006 8436
1609571947 4743
2049328592 21137
2003345639 11924
1049074786 19561
401872028 12131
13823819 24379
1497198224 7934
36046734 22517
1229199153 7464
1498783069 15465
994922119 13379
1621897058 19019
1099977982 22956
1018337277 15866
1841491227 17084
674063648 12525
996185975 1811
1639299545 9198
2075329783 8808
432296602 17852
1567626547 15794
1962634455 11416
269222250 17636
2147449177 10451
305679614 1727
1517938199 6337
110422590 3524
843650117 11198
1202255507 5882
1652920299 15594
474981583 16144
522790960 13059
216119917 16011
1587307086 6860
1674360264 15120
1881038234 5680
1731555685 13896
743599580 17665
1760067902 23533
784820285 4897
277417552 20925
1908590721 4023
1908004971 11477
35465553 6216
663447859 3472
678361918 12768
760754647 9706
1706827187 3300
550485005 16969
1096278243 14690
1561048646 19328
1347725309 6543
552320061 10407
584125162 7377
1578659938 23473
1564699648 16683
1993380308 6977
2025753508 2805
1318646262 13375
132321727 5902
830944534 18764
557213394 19346
1988016046 24374
1713045157 3229
1225664734 24371
633352450 8942
979362353 9432
117512771 23319
1395808802 1475
1751926033 15099
688533905 24182
1441698948 3745
1985367455 22407
80021522 8049
903552466 9251
2098357183 23621
2027950051 3821
664702203 12066
879412169 12882
1313229470 360
1165708440 18537
1690706175 11496
918490376 7947
650889658 14531
649717724 13552
1338997301 620
689602359 8618
2107844141 992
2115380415 23930
366777317 14615
1626263110 9849
1677722453 10865
2005945934 19829
445518844 22567
1197172157 11824
1149261743 19645
1868085916 20653
520673063 13817
1439147021 8220
874411269 20561
1255430463 1476
505028967 9710
2080033103 241
990180812 5934
1746208675 7848
2087352613 21650
923167961 5582
520567154 12612
657988534 2030
1736552152 14324
99056677 14783
2110794788 9464
1881033966 2281
1333408986 10692
1474937441 22610
1892811536 580
1147416186 13422
134299632 11429
854956353 17914
1624911454 7979
315253759 11791
1023830760 7201
409921789 8127
1126031816 20290
1078336066 5590
957029703 2531
831388035 2383
1474664483 4699
369616876 3929
1854833745 5976
24160565 22572
1528498135 23381
1551488553 7864
2147019794 9727
2077789372 11302
1700429547 1443
1786498362 2027
533032849 10250
768110960 24554
564865179 17350
815150752 21650
1310084096 18524
1844933232 4506
2058112919 625
1774792756 7894
568936735 3507
280878284 8869
1388276727 9072
1119882374 18969
1454336227 14754
372882114 17897
43780367 14120
110800779 6267
602971290 17002
1025684271 19219
25213160 15183
765702904 11381
2090223875 6151
1595223413 21626
1659830862 18253
409542383 23351
1607879381 6133
459194642 24592
50895810 6526
1192966957 4356
1056007264 19251
617116942 9843
1064781384 2611
1401195114 9952
17294461 5266
381617335 16576
946906153 1018
2095553782 5851
630810738 9583
100100351 2996
1517399468 24959
465547742 323
545518529 6991
1036284946 4237
1757377863 22524
1990658089 13588
517940380 1446
1985541760 19249
1744284266 4263
1032131365 8444
414643656 20807
824500724 18778
1425434062 7355
1375695569 14869
858795591 13506
246536400 13136
1662862651 543
933017226 21669
1002496552 18361
1605509569 7570
184201274 6436
1159805106 22261
1258425191 5476
105320275 594
1275242785 7708
162710897 20059
274338502 23925
1877086607 7792
336499012 1952
250626775 1055
1641424280 19939
1783723066 19433
1264611021 24791
1139415192 20148
667541098 17390
1510681329 9007
1184026688 4901
135007778 15022
1963974535 6188
282829994 15040
1452173443 21236
1945816382 19616
2022628297 990
858978405 22452
1030647982 10314
94900797 18495
555105662 15474
1678324520 1654
719914175 12406
1217303125 12631
1979050726 5316
1136462668 19746
433406036 14409
438391668 4469
327286557 6685
1236424615 17063
861288629 16444
69117537 23024
1906040225 13485
1097572239 23295
1724893805 5881
970477371 9111
1362209995 13373
1207037816 10151
2046599373 19009
996010797 19543
865494738 18906
1871239854 20881
459592970 20491
1592428664 3606
1306187505 1572
433256612 11152
437473205 13375
576710542 7926
1127312823 18485
1771117658 3309
521290406 3602
307254968 7010
872629680 23815
1149347577 8601
1729248589 20721
569385736 17160
358739751 4043
1699243238 5915
1436076970 3091
1572510357 17553
503946816 18762
1039781338 22751
666055569 11554
493528738 20438
658320235 2576
1377034836 5926
1950652713 15537
629987382 15316
1101170064 1458
1912886487 9657
1521745140 15337
1710468599 23254
753708826 18477
1189536912 20672
1949586032 20068
762749491 1985
1401201049 15479
118670186 2155
1812059976 962
1984571625 20408
1060521152 1564
239279975 19509
688855651 17782
203901569 23497
219948535 18039
1300980036 17231
1834246897 10922
1232006451 22903
550116694 22374
1749800102 6316
477849049 15568
332692072 17362
509417395 10492
1435062114 10640
1080911377 11525
407388648 4502
1341438736 9114
507897316 9032
1436740242 14179
1616779881 22193
1494331200 1233
1093140324 22255
70079128 3359
230913844 17853
2104606684 19093
952382186 5501
1437769824 9195
875626035 13804
678031432 10521
1506114780 439
590492482 21158
1829792826 14643
1300326081 15852
1865505600 22053
1336870784 23514
303494139 3467
495964178 24323
1508920266 4326
2129314617 24645
1525400338 7526
784393310 2306
462622899 1250
299532694 4513
650874973 9998
1460539138 104
155624820 954
110031956 14162
108163689 15738
1119306318 13240
1204209197 9671
1949080966 1455
498784708 334
545965596 6461
541223500 16495
1709139159 10616
903899104 22391
869002494 8735
2022176594 9254
266747692 21633
934286268 11145
1507831163 17599
1493996866 6993
1540020959 24306
143381021 9127
959360436 13694
916903086 1151
1757124056 19854
1744783180 6620
591907167 19168
182364309 17978
1249111581 6621
1431170973 13564
1444807040 16937
142157390 17975
1236343394 3301
1047857135 9063
1238060992 16683
1384216636 15882
206167523 24846
1818572025 6183
538431802 17546
1304110368 11134
1938882818 6697
476429101 19660
1823026856 20967
1054579907 6870
896560369 8828
1995116012 23863
788986738 14002
340845953 22447
510322572 12833
1425275096 4245
1008067512 611
968595914 6486
2045909976 17596
1339728635 14072
2090575583 19500
2071924642 14965
109000650 2937
2103034592 9893
131184131 4875
1753657357 18054
1592253680 8931
1917223138 383
1137640525 21749
839390719 24224
182541797 22641
1648070015 17813
1993491315 23854
1351121316 9681
1510394773 15707
647062376 8493
1904674583 22358
530549992 9526
1111600720 9095
587191125 24344
1343218351 937
151803047 19137
1843590809 7282
1607969569 15323
358367605 19920
1931952874 18065
1944670016 24966
630935245 18073
1506986812 16231
623080289 16093
831938016 12201
1781488835 14461
950102724 21624
297081252 19557
2073995710 7856
509080992 16377
142689384 11296
304759389 10237
1204014767 4717
1773685594 12237
1170150126 6370
719923769 20624
1068405604 8061
1805630626 9120
1366220151 13534
1969499016 3440
1175312006 23716
888757522 1173
587322970 7679
847356656 14678
1874596788 11521
1005752719 11620
1333278229 7322
255445539 15031
1186633124 14931
1979811787 5538
553084996 14124
1505119250 12298
1392128017 9769
1047749409 20947
1716758419 21982
398275813 9020
416843970 24104
1248936270 2114
595991750 20893
1283538010 10468
871751855 13674
570031910 21939
135432392 3518
2140564159 8707
1697386228 22444
677453009 21575
1405359200 14866
294230186 13218
275041618 12823
1119827467 18030
1347170503 24511
511815556 9827
1296869335 21525
1365482938 15200
287505118 9516
761804297 12791
1501799699 8307
622900257 15992
236906902 13031
2031301921 4113
2132713511 19764
1248015754 7200
1661938804 12334
608062102 8362
1258113888 2033
297279621 1785
1648176279 10929
747083328 4006
1184131429 22082
1506995577 12839
1755712794 23907
366967522 7534
1064411163 17340
404996036 7892
338824876 17644
738532536 14538
1152035460 18886
2125175318 13946
1530052973 20555
1763372918 2122
1966232680 996
945604134 7713
1099059484 17895
398979288 3791
165862847 2208
1677486720 995
734678012 15302
1976489294 11091
1895575100 11995
1236003040 20311
1248056837 10094
688779011 6701
525344622 17210
645610727 16967
2012095809 5651
438610388 3336
1373804761 9018
1914204565 19211
120425592 5452
645412325 18179
783570378 14643
425137470 20534
674937720 2126
1182440903 194
365819625 6075
993188818 8523
1100220684 7179
1652826506 5791
1768744209 23467
65500508 4851
930613335 9007
376879270 22442
251665334 14882
1724428591 15615
1607250604 21659
1283501578 20136
1904172059 255
670268511 16539
56702931 20187
1582971980 17712
2045657634 9984
877023036 13888
48200885 21573
653005623 16517
1579919726 6662
1514751926 7332
2083980909 6468
1647914050 13013
245211572 15529
1103636542 1176
171763598 10905
1408025161 3171
1499243611 18836
1840059945 10607
863004871 22273
980627331 10807
550591599 15590
30685437 10857
1168131944 22522
1157266464 14552
342923962 16773
170306080 796
339313603 17385
487671235 3431
569166437 9177
991033000 15776
566996243 10856
1408104534 1782
443339079 6365
800028057 9650
1840097086 10198
460130486 23457
3966935 22832
527177169 23614
1063663760 13735
1332713288 11848
1247402168 5378
744949066 15644
1592859327 13600
966816625 9185
1375796555 7510
1726468771 774
241162407 22666
1618549609 11504
406022121 6822
671764064 14086
410664189 11687
344127863 17705
1789776448 4396
2052781402 21060
1036990409 4742
1149665482 2336
1401163583 16495
1924871662 11575
897758216 8481
1989945255 24343
1510746042 7248
2063116972 10983
1068969959 18993
45248649 13409
790327544 3969
177033093 22909
211973187 17306
1412884577 14817
221751178 16249
1867834111 1638
533175111 14988
598471218 20507
1218225572 23258
1059437512 22275
1186356573 5508
915114428 21571
417157352 21012
1324405484 21336
229073635 10698
1876092675 8923
1354863506 13910
1740942695 3340
1109625140 5910
610935601 6409
1904869997 6119
1861628176 13148
2039242309 17475
216252121 2452
1366196088 13453
375461791 11398
1945347391 8928
145421897 24115
663638693 7639
194680638 8961
587211002 10440
127279356 784
674640030 1239
1900451229 24423
1361018323 22173
1783616103 13950
1670790006 698
1504809643 3706
67579720 14486
568068434 24079
1132774556 4305
1962709287 16673
956520043 15798
508513938 3048
1838982189 12303
328579736 21029
1991375928 16041
938562149 12021
187771229 13652
1429441478 21894
589661603 17286
683751957 7976
927439977 23302
1648229777 15403
1673821796 12503
1309752855 15864
2044013693 24406
2089783702 8710
1191844391 4961
1341847033 6598
733191429 20646
1909403626 11578
338194295 15360
280954447 18312
698587639 17196
1192775548 21075
1776185478 2198
254848782 10252
1015662528 1414
847466798 5898
1888171639 2431
1319533496 15962
1560961314 12414
2101511905 2065
63243396 398
429555433 8583
695913263 4220
1165912468 12523
1859766168 3309
1136413987 16317
492783974 21196
2073080345 23202
877953276 12557
401788047 24409
1180260098 6454
1288379340 23148
650127466 3561
1593629836 24399
262561768 19828
1089686335 17603
1947731803 7694
665850809 5542
314030115 23215
398107768 8958
1310350483 8934
870970903 11733
2125250001 24280
1551659119 10361
1567714648 19701
117346730 16867
1505713186 11806
1335498583 17105
1843891382 13090
377365904 183
1930070346 9037
2075350931 5902
1312058931 10005
909801964 11380
2119682732 13512
1091360240 10512
2096805253 24798
1281895226 21174
298139452 22395
972748108 18597
545772009 10986
315958669 16008
719885063 3975
1348619934 16541
857402773 12110
323819123 14085
762171346 18636
1152565195 24033
519844031 9675
475693272 21930
329465118 1850
1792097616 1572
1945105233 22168
394986961 13375
1254109833 2084
891372770 24993
1590795248 2225
199602591 11876
2086204897 18091
1753718776 21521
1670507715 19497
747859666 14686
1832076774 5022
1163085478 21721
222202886 8457
159852985 14267
20155507 8982
1925712502 16655
1717929198 15318
1514742454 16072
535972560 1481
312253375 9038
1909216300 8412
1365337475 16296
1817896775 18984
2082703364 829
1998430779 6440
1991557875 24072
44712094 9223
1883457180 20288
1732555738 15120
815887357 22587
1478779142 13189
1678317907 22192
1792290307 18290
368245556 19468
437203339 19241
1344047394 8578
213618569 11675
1251484227 18740
701406548 12354
1359523244 4062
1440886456 8915
1318645145 10099
1607066038 12184
991690652 4486
291766058 5686
880046203 4539
659489422 15340
1744870939 16734
1099017292 4346
1578700266 557
999212032 9662
1776592240 22341
1002415837 16214
989379052 24513
187223243 11650
502087349 1317
1964870377 8847
1363753140 2179
619289523 3869
515154292 197
512857638 19784
1959582613 16354
1074205271 12295
1758277598 19884
640217066 19098
1256059843 13141
157503535 17288
1941713253 16450
325189690 3556
1083107549 17679
632181705 6361
894723039 15197
1685034168 21816
2030703301 9673
955848683 274
714214069 3479
163446057 14583
650194938 16182
259017857 8337
1141424304 13894
60993036 9438
249983523 6844
1172960886 15719
1679554507 10601
42020835 24347
1740895694 17132
386641329 12627
1194604879 20749
689807618 21106
1598978880 19520
1983421512 3788
1093876604 19917
1059655051 7695
1357953098 9016
2120988958 7465
1236411086 18524
713623429 1767
95427616 12323
1589579400 14146
1684538031 19913
675045573 24384
1914280836 17056
1394860485 5892
1826555374 2313
1356798402 17116
490880972 23660
1969843003 20771
1610619206 9207
801740677 5468
1063556203 22662
1174758300 16031
754109511 7636
1408269872 9910
1003026085 7973
770735533 17339
1642174178 22969
205561338 18397
1307818987 22612
963497041 6482
1630537933 16120
727969900 24030
1219376231 17263
622969341 9827
613775185 3939
1076127824 17945
1182115637 23031
660969670 22963
2066291274 8601
540245868 12787
1809560458 3111
64366235 20898
1740876564 11806
232332869 24386
561538820 19466
1631671753 14133
167520181 4243
1300503227 21878
1958654175 7909
504893102 18351
407024505 13851
517065995 9445
141369400 24176
847967317 15092
185107846 2178
1361455852 23566
1605396700 17955
1515611767 17191
1570358803 6519
1144406163 21168
767154426 7926
512633066 8320
1809830990 5733
363562764 21391
2082226451 15735
1100185702 22268
934468630 11552
1781442267 22237
924928820 19323
1431508645 7921
502214669 20997
976941307 14173
1977923006 18601
391203677 16819
479739511 12561
1793652135 15192
502653564 18861
62522941 13148
1948084408 8953
535924076 4576
265863974 23465
234626568 8061
118272137 10037
212227269 16077
1344172946 5992
562164671 5456
961031239 23714
1681831551 9809
848056239 22166
861745152 19742
1966072824 8691
1051396116 1362
417261592 14073
1449979 13523
1052018218 7413
1998267952 14355
2018419473 23969
1942345039 17591
1894487272 14600
735108493 2150
1486206217 8127
1827540005 4777
1183992517 15889
702327725 1973
943893032 19735
180946398 10273
789804930 22602
114332038 18278
1204647809 22168
612219611 11902
1965158128 12704
517909419 12595
1743783932 1748
300104133 9361
97835463 2422
145815256 8376
1069248309 5862
1432653683 21468
1110598873 19770
680191394 14451
1954717247 11289
1750188603 11951
1114715738 13661
852436538 1969
619938301 2093
470129980 22764
1447546874 9557
779022568 23824
2114412458 2370
439446335 6971
400468818 11326
646455184 8282
215370623 13805
1760980547 19493
1997404469 10976
1088376018 7223
707222474 11543
36868499 23135
1388250749 22174
1782646386 9026
2052184005 24437
303127509 1231
915133498 2861
1374679280 23924
1053143654 6613
1579606524 234
1501852313 15894
25356101 7298
603418857 4106
2033020498 8486
1756232038 8733
1849335497 13431
984913355 15741
1259026555 18837
114567290 12528
1971417169 103
277008249 4336
267185551 13371
1344245319 17911
805782299 7519
1290362225 11029
1607375689 17956
1968648590 19163
343715183 7473
1375606412 13005
228843104 7806
1165743056 16785
414815135 8972
233900938 24932
574831240 21283
528652107 8311
2039656763 9797
2040022881 20780
1539069634 15213
1051701999 23242
1629282858 12940
2004350426 6490
1189010910 21021
776617831 4932
396964561 13993
462593617 7639
1136994579 22524
1208090126 20592
1624699526 12682
2072260450 22627
1013680717 13506
1578661569 12436
1320986048 22800
1530387415 2193
1069823441 7257
2104555372 19539
2059804876 14511
408075404 15813
689575709 9408
28483914 11294
1906487277 16623
369282972 5920
51425430 191
214683593 687
624150497 2943
1737989532 2088
552087572 10837
1956852774 5297
1830769294 1220
484209377 6195
169099060 2518
1767969793 2305
982257716 20074
1650220165 10940
1979397352 17847
1476777401 11771
789465647 14756
622215441 1378
75017927 3320
399256130 16565
563508702 19378
471464008 17748
350890093 1491
2073015882 19188
1221673197 5201
203153694 16667
132093346 5410
942553047 16716
227741895 13332
645708420 20868
1528165940 239
841071729 1673
1882742995 23183
933582003 24897
880414994 8939
41497419 9154
1520714371 19091
1072085594 7081
143942149 21368
112040261 9520
1412170881 20544
1975781504 18690
1287888428 11875
420453341 15824
354270722 3740
196241008 21293
721776039 9721
1664668173 22890
840552776 12167
1479494765 14801
493494895 12305
205819069 231
228078262 14127
2080502062 14959
920441397 24042
1727532896 17330
1632897942 2296
1161939445 12974
1730408606 18047
292468855 437
1327932871 21728
550284797 15759
1479278856 14384
587589129 13988
1533127983 14933
992330867 2255
353332474 13802
856700654 3723
1142532860 4994
1679534884 1095
1054995816 12885
1480935818 4344
1584673855 16580
1115440977 8658
331304203 13703
1897079380 17219
1119940318 22999
1997265238 22144
1309939785 579
727843622 23552
527846431 14007
1246406026 4756
2027063504 560
819078554 17607
525271579 11046
10474849 4617
1880282012 23646
1044579508 13682
2143465348 3705
1435889293 3858
1006073348 18908
1407980869 7450
1781040273 447
507520801 13432
721218052 74
963693347 828
1842224693 247
1745277078 126
946026440 7407
1978835016 9925
1434661634 20149
317528426 2019
465363896 21760
1949738676 14791
1494650005 2868
1791000408 4178
1304838677 8233
1374902681 692
1124989848 15786
1925731036 13704
1448583365 5222
579055646 10337
2122190705 6789
235331917 11890
1706409453 7736
318484479 22927
358104729 4758
1177041650 21231
1924009667 6990
1382023311 18559
2116841224 9527
1610113151 12677
1623685424 7911
258724613 10984
1108934719 22444
1489848613 19334
1014048695 8353
317323188 24002
1364543924 6986
1673458297 659
1706985355 15675
447042938 16393
119302947 5301
1385190261 2450
1375005968 11290
811076723 10196
1073589767 12588
1691086554 4963
2145147412 13088
260543327 10279
264907466 24635
228478561 23732
425706852 2987
73842693 11119
1054507000 5074
374333091 11246
1659666698 7094
1307600379 2899
786057301 15373
1461335513 16559
388735381 22595
2036947678 906
1957254611 10813
1470487488 17032
530788389 8952
830151111 1917
1752029323 22849
224022916 15702
54846225 14462
867949735 15039
272622115 5087
1195332414 10014
903482262 5280
1508136041 6981
134041979 22709
360911231 7536
1066968370 9049
139488149 15288
2056031061 1106
29609949 8250
1058273424 14618
1217903745 24434
209444330 11752
1579664661 15386
1215409628 7401
252479339 1401
2043876226 20314
504432416 14125
1497972803 1164
1690875727 13429
954731653 4545
915121342 6653
676255442 15098
651832854 7605
1791895930 4604
1619702397 1789
1817811497 19594
795438575 13293
434301891 16274
1393577597 11245
1286901039 6686
2035097451 13886
1022440019 7499
581637590 9931
1463181412 10242
697736829 16041
39604059 3413
879726380 20267
575781634 1372
765358190 929
1239560127 21287
607109773 1500
1670740361 13008
1489777028 11663
1444063721 22946
1324318293 23771
31300097 14241
940815937 10581
1452939653 19907
476430840 23312
846975657 8972
1635492273 21282
898581549 23941
566505180 20304
246290136 11380
1772511602 7617
689852331 22796
2027173125 12676
662640594 24890
1527719697 14104
255843271 5974
1803545289 3993
432335333 24564
1983699578 4342
1802095217 24002
1123105232 8755
498045407 4983
722848406 19213
1054077105 2446
412627018 2394
1974227271 17156
873557746 15231
870231670 4171
1087433167 6168
611585262 22129
2015012678 8901
578098661 10361
463416556 16555
1325768271 18542
2076281297 13232
1946545855 22544
1367647956 575
181658300 289
1221926673 1256
432914599 647
503013845 13231
1873083097 11055
609403688 19380
1004569371 18303
2037453131 19151
632004706 16464
281295804 1439
814770483 12397
434415283 19332
712334373 8861
424780541 14625
1300347039 9065
981854758 13767
225589022 7736
374179453 4764
874082264 4810
1161576561 4324
369956658 15842
1606028074 13693
1342982895 15188
1192655337 21737
1661040011 4363
1988760861 20325
206871952 2488
1700410220 15089
1565026801 24911
1534149266 10438
1329114707 16086
351797620 5228
788343962 19117
1009616056 3666
1831502260 12005
456641517 19402
1019657025 409
1778678943 4824
1977628790 8459
1095367230 2598
1519163022 11356
183211550 10921
1202174460 5215
493876117 10074
751827985 5670
55392802 4501
900274789 4385
597312219 14054
1683894059 15552
1052476676 10387
363650804 12943
750917331 10678
478359667 15107
1379797705 6535
1583706145 867
83060667 5359
1662010166 10079
328049477 11873
1296896391 22413
1012093424 23708
400515157 13274
1761390132 5583
1045987445 12211
700950744 2172
334456304 17581
721098893 23366
853566301 23867
1982992276 20054
460894586 15224
566948973 2860
478428048 13972
1345302342 15127
201187907 5689
2067783804 15766
1918085417 13764
1140819664 7205
1698350669 22849
1873221247 16007
450910977 5712
1999266893 20353
1163775984 4371
1746550362 13931
161603873 21787
531971034 24847
1582012696 14028
151974723 11021
1397114760 9409
1770951279 22386
1554651072 3870
686385326 9283
1385763360 15240
1774941782 21866
1710847254 20574
385722752 6990
1077263888 17758
1168654435 4926
335016700 18933
1039329306 22804
1163883601 12315
259416881 17666
1764205170 925
1898931155 21994
1853510109 4454
1612913967 23465
1410894853 6515
64194378 12831
8777309 2249
1595883628 22734
1567176925 22718
1030765281 11155
115636267 11251
1705204200 21272
884858070 8554
489446049 11696
318851435 5776
1988243855 16856
798482144 6650
557627114 14630
569275674 14070
37937455 16208
430162510 2020
580390277 16894
832146889 19256
796439556 12918
999425051 19099
602177767 11066
1584398905 22906
1593729643 20913
2012592931 2537
1424737707 15319
504612336 16453
399306896 20881
656039774 7322
771236240 17980
1525070351 24700
1536454693 11562
1870501750 14419
557654820 9829
755324437 2401
1348514912 15655
1030376737 12408
1591518873 20205
1647056272 3328
930909528 15756
1796016796 18787
1616403907 8910
1209695576 14687
1398745659 3459
536479310 13449
1639769393 12879
33618267 6474
306650565 9586
297666745 17659
217808849 3167
2139296080 17613
1288006515 16005
1258290713 7234
52967228 16058
1215467961 7722
863009213 3259
1110914492 20436
692305454 18147
912781878 22648
1142266285 2081
439174482 10615
62014653 24364
565326781 8263
2074743637 12847
1372062722 6592
459944381 21387
2029043062 15438
1548786298 20846
1204352963 8137
807867281 23737
1533283926 14087
1914541828 15967
191788943 4464
106207187 3127
1297423933 6168
1632172250 24533
406291074 288
156098953 23118
800710180 1855
1875298511 12420
1080033569 8964
81458864 16784
629494647 10786
440298934 16572
245681858 1155
1975454518 9198
1877268286 8525
2066050462 19043
721859608 7606
226167972 14734
1563703821 24295
1596582114 6640
1652485545 2796
742275571 3381
2085656681 21046
467543523 15830
132116792 3262
85741042 10339
1928142826 17585
884074863 10111
685759714 6262
640283097 11345
2134421218 4272
1025317394 12978
759918859 21176
1778432956 23753
1455932830 13846
1635136651 15042
99107727 850
161412794 10013
1868032622 1293
2089914360 13306
1039486845 21416
1222568269 24968
557218229 479
1800990104 12238
1357895072 1316
901309860 15445
748932489 17836
452584325 8115
1254918608 19429
161197014 20231
1685859591 5327
1233449174 328
659384542 4286
28918246 18375
2034452633 8017
537850337 17650
1210988435 910
427238012 17730
229100144 15373
1558607839 19445
1207240172 21322
1085017271 6553
1962513772 23043
1941640443 1218
248096330 11563
450283719 18953
1366118160 13408
2053501237 7805
206984246 4985
333853648 13509
1530237830 22697
697963971 3466
1545450527 8746
1770021715 15557
2129479492 9070
57797015 7238
734721843 6064
1170579696 18106
711880846 21414
1310821831 22439
1195493587 14002
1470234076 2636
1542248448 1490
328855921 5766
2129950504 10544
2113517569 8588
1249642239 15327
635572686 954
1713810954 19046
729836188 14770
793189627 1150
1831074670 10037
747893442 22987
2031937693 2921
1433711170 4324
2111598836 6678
1494437396 24305
15109 10314
1262931561 21238
1831260066 5735
156151955 18781
409762349 16856
1811288167 11012
221518021 9227
247141821 10035
1812512693 6306
1282227466 14240
446613884 19301
2092645052 16299
1047032628 2692
679714191 13139
855944484 23532
954805055 8062
1288183571 619
49917391 8002
2118243234 1539
1334276897 22108
157624752 2293
259428255 20096
212950847 958
1436062529 3546
1336766313 2684
1976836536 10307
1681522169 2541
6989957 8345
1077057564 15943
1656937741 974
1826063276 16440
1466336714 19278
29574713 1496
687739647 8079
584231740 16940
2003056482 18631
991429099 6960
78044974 12171
189441589 3692
1464506876 7176
106662869 22550
1103610835 19505
864727202 18439
1373895187 11875
626458859 120
743478322 15566
1563330476 15075
868851382 4513
2138662522 24261
1784690021 6964
629775028 17614
536503274 9276
186715540 20622
1214515063 22054
1937415763 11463
803171947 22686
415874807 22891
2066610555 11836
108003924 13491
747909987 21161
1245882583 759
516678696 1255
2088922545 18705
2119253528 1927
559774368 4843
70929779 8593
7749004 10045
174429328 18402
1225412113 8345
1097876753 4505
813369522 4311
759806419 12149
986990276 9303
498974454 13667
1884011980 3874
1772353567 13080
315966882 17980
1736466752 17485
1153401072 6319
796627699 2355
1468926024 15864
803134622 20834
96823849 8663
1712335865 16791
1774442743 19659
852045584 17648
214239568 24972
207948946 20320
46347467 22891
1659611529 7196
337203473 10908
843877763 16355
225170112 3738
561555789 14067
348889989 12868
385442657 7401
583668327 19621
1041491109 16066
1304391575 15641
977755879 19391
1220541464 24294
990184043 14590
1242045882 24264
96021640 17861
499275634 24848
1456644934 24234
1050970187 3703
928988711 9221
2108235179 11609
294932256 6884
558842453 19797
283036507 8690
1160621479 20235
1009326709 16479
1710085073 14781
769941104 24701
443402036 12022
1856766868 14366
817684618 24049
788114095 13460
1776247125 19344
799199365 6784
1508248828 14893
276120914 22563
605902532 1170
995856701 14387
168854775 8606
1144481803 10278
1907514013 13263
170949182 23045
926856030 6013
1583251551 16276
836326584 9904
112456198 5039
877437291 13269
869542524 24758
1534156856 19072
1990347236 10559
1115665640 18536
1376469848 8000
1213486756 20652
48519952 18117
1136688350 9361
434297746 17568
1709842871 22537
1913507806 5898
1855560369 4131
715564334 21144
2059639846 24269
1715946437 3333
693039312 3679
754152851 10619
299264655 23333
1072084042 16355
1827198314 2480
1544209509 3367
698433482 23141
1186605392 988
1065982558 14906
447944224 22960
289511704 6958
1736637450 4173
153633409 7931
1890915412 19476
1784496954 23368
1442834630 13587
1539328278 10845
497908475 17912
2020156322 16176
1363799165 15193
741163945 7025
884411621 3388
1431635890 16882
1012859203 16804
2074411994 14418
1496013928 5500
1567036594 4856
1927902473 17622
48284329 18385
408212471 5237
1976918421 8709
760912452 20921
1389954882 13333
2145325547 13329
252381968 2105
823206869 12484
1198626599 21836
2095865635 10130
1292558863 19296
669017544 8570
1334551242 24377
1553567027 7698
724550957 19720
293248604 16724
582841027 12741
522300403 399
1086744567 12746
1947503237 11489
627010542 23389
1109142323 23578
1799599033 11706
61157542 8356
616092878 18472
946728259 23219
1510163148 5888
1152159107 8808
2052467430 5819
337573417 15969
1493321165 24378
116101685 5809
2027273971 21681
1771133544 14828
290890088 1635
1437620353 6999
1149544409 9275
301879529 11224
946850585 22571
1287158147 8053
2139940148 18786
991341684 23056
52523609 17042
681451072 2216
76675910 11241
1684596850 13074
2010674570 7380
265897899 22614
160036974 707
95597896 20123
1375450358 22941
1732230566 23114
56183382 15451
8284574 24623
808685274 14647
1521669907 23798
1161112676 6887
529716066 4088
2042224833 12334
1784440285 18111
2124389660 10078
361858970 24539
295906856 6343
1290856841 11768
587290810 18351
36613093 23250
777593595 18167
719100543 18440
805787421 23432
1341921919 22365
2051986235 11085
1681939376 2554
1838532394 19137
1516534732 15299
1355202523 11787
1349512002 17097
1889163361 4155
1305291552 11403
721941808 9320
2063069091 10795
1556883553 12258
1834036090 3714
198536909 6352
2039435105 2739
365945965 10610
16149366 15244
1399682826 4933
1205112020 14387
1267828266 1316
1107272268 23324
361040142 12600
1670232445 14684
607240473 2516
86579296 20527
1868658569 4027
445526739 19179
1670442471 4659
146957874 20357
1142062274 20424
2132762218 17561
1929924391 7086
484033685 956
1611725383 9852
806878143 15626
312951921 8030
1652083971 1554
1124562060 7148
1456290934 9270
917244637 4904
514430962 19795
889262053 23187
258547018 14843
994646126 3159
972772721 12532
341642796 20377
1390708875 10295
2011873432 4062
1794962757 117
1767700502 887
1771450017 17519
1755750986 13007
815334111 16787
1426475191 23880
917794170 13665
893777034 365
896238335 6010
662874519 10585
100687136 17565
451402069 4394
896380722 10342
1080373079 23182
607221731 7152
799205272 23115
20687986 20892
204188149 14627
911691901 15616
2080472098 9493
1963221117 20624
376362928 22871
342051331 6021
1715087445 8707
1191178206 3411
1822311251 21584
1822062792 9986
465896100 23188
1995511261 20458
1019264590 16306
1455925537 24498
512580788 16979
1667332747 5089
1244988305 6882
708460261 18129
338826329 7803
1911918704 24033
1937404532 5612
1458731397 23203
585890209 13766
997530648 22973
2124826335 23232
1562277532 1546
310383653 693
1405753269 18039
590051447 83
104685295 3798
460895613 19166
1581232836 14615
1013529609 24581
937118417 1479
708882100 10381
312843669 24331
1114076827 10046
1250512558 14195
2134723878 5115
1677132577 14649
487457593 7158
302544697 9415
1933488375 10774
713208380 11068
384147043 20759
1218349109 3899
801881548 134
1518618586 5944
586588866 17323
1294258629 16671
682627759 23322
225792225 1820
649187657 5522
555913800 8806
1535959387 6461
632343408 8010
943516801 17530
1872260981 856
900159821 17068
1155762578 6947
332579218 5257
1198474789 14484
484979439 6138
19449525 20470
655455393 7675
458152636 19626
1351783731 14848
1463059158 5565
240488711 17413
546106131 8835
896372915 16408
1678911900 14694
424710961 12025
1468145270 11006
1536764790 18061
1550391521 14464
2035309017 6123
591041736 8683
1697676764 13044
528989157 14823
9788011 24288
894881296 24997
2059777117 5644
494254379 4338
1494558539 1038
1073584432 3969
702062695 2166
628987906 14256
594138687 2780
1454133216 13907
2047236471 10217
1517305620 5937
1720279643 16630
1299817740 5977
1005021011 24748
1485278938 20307
730044085 7283
1861957079 23396
511981315 6975
1216599792 16458
967492099 1479
794077670 10459
573371911 20546
2013176458 12588
2092527537 9194
2077147369 15630
1560641597 3555
521417074 2155
1548288556 4495
452334660 9340
1601546493 13245
380848640 14680
2010931534 11982
399492231 6546
1239382469 15252
470409452 15196
885350836 23388
1559517518 11335
1652288767 11957
1194983543 23448
288762771 15821
1991699703 18413
855453761 13338
1347673049 7887
1447558842 8667
1043031659 14690
1173847337 9335
1230276089 21526
84641594 3990
1066885764 5420
2032832726 17785
1879298957 16037
716425060 24657
294913666 21838
2078130630 16748
1634367782 16622
142099146 23613
1033104573 15894
977780101 7874
292550757 24479
932935241 16945
2055901123 8762
1669712517 11483
478211443 8392
2044968974 10468
1192054713 23345
309814909 9404
196717783 5299
2055317165 8745
1696734965 23288
1373919459 2743
1867395862 6608
754658156 3052
1641640022 10688
1995671537 20592
467855669 10769
1433738690 22032
348719969 13316
705835107 13634
657206428 1892
1623396053 196
1215473638 4547
1038312919 3320
1555289201 3356
360689524 14199
1099087016 15693
664969720 11362
1701142849 14689
963071087 11457
2146271522 15077
136513835 996
1131858293 17919
2049451065 16224
561660952 5205
781385318 11601
1068388303 7157
1897405783 22543
1693579002 21751
1665886371 3844
1339707534 7808
168792198 13694
1550166466 19470
1900686368 18293
1031148801 4586
2120508496 17426
938460855 8615
948788689 13072
1129260419 11369
1360754838 2151
966283458 1581
178024356 2260
558562553 19997
663019860 17324
1144421608 4698
30577948 6331
68913646 21707
1186605839 22064
1282666124 14651
1456777572 5124
629793200 20264
170832611 4124
582437687 24603
114363070 19505
1340211289 13583
1293919011 5644
1213384263 13834
1329490698 3552
1542049928 6702
344997286 17941
1136560272 24114
954897726 1298
111898537 17878
1807468953 4001
1114202301 4538
1286965207 19624
1746849666 14463
384934135 23505
724495860 14371
1570838638 17757
1487553241 8570
556534317 12040
1105246939 19149
649618493 18069
1468919834 6463
655409454 13760
911841114 5812
1972528340 22971
1834406634 22047
679027601 766
1161808382 11617
558783449 21188
2031479110 16890
1819153892 10618
213328222 21683
648752576 9501
1816743513 5537
530950458 12059
2043614629 13218
976803374 7853
248750455 24162
1134952911 19308
1498159398 691
1803790912 21647
1246810366 16748
1033867537 7465
1940279215 10332
219041992 21560
1507540081 9111
1670668631 1436
1433675813 8715
861310509 13436
200813149 7762
1279905703 14152
1022811609 5121
1205643268 11536
1716804484 23466
1632951693 910
1226585875 2993
976764277 13898
2098286755 13288
2060920890 9361
1235075951 4926
266219873 10101
1506834296 6679
2115161998 8995
1920367869 16877
700704879 12211
1469614666 21492
34663151 8723
202658133 8903
2057546132 17987
287764829 4162
705276258 16646
1653528100 583
2007975158 24074
1878620740 21180
72297263 1573
208909230 14276
1411802223 5394
617434920 10842
1807646105 17870
616189529 12251
457029325 3055
1346427476 1809
993728381 20248
73613095 19809
1058616334 20399
1289315000 12440
1581260149 11252
1818089714 19080
1725415482 8048
112590282 2935
613665630 2961
29525860 21824
872833336 2117
175197525 20075
1385418654 18393
226576857 491
1191999116 21314
1623019425 16556
56255724 24602
1687241225 18861
734161131 304
1077093546 18975
547315097 21595
1076653058 5310
1894555350 15174
918727822 21628
867323210 3744
1283547708 12380
1964602676 14283
1766884635 22059
1511231923 11458
3735093 17278
807809524 9257
1834700954 23462
685814725 15994
1248286043 6387
1020986170 12747
1000461832 8831
1023038766 7798
1196633422 9582
1157801753 18941
152972763 11590
1906487740 2696
2081007433 6843
878938063 17723
57311945 858
1231576291 3952
492677029 11686
1892988418 14051
1675895898 15088
1344964880 23228
48164269 4037
642618521 2272
414428210 1101
1591815220 10925
667116063 5265
1404820887 8359
1014560373 22747
633034981 21593
520249840 7939
1487593332 11933
1344022544 7688
1965234281 19924
1206930361 7819
857578596 15076
1580210697 11233
2078947489 22279
134749665 2553
1942697570 12191
1782169159 11255
609801247 5842
1862112665 5901
524371860 22464
1630779933 10681
592323885 4462
352964455 144
863693360 20414
894817472 15430
2066021155 4797
1844731945 23370
1315556517 1575
140320900 22243
1210867645 10328
329997231 23847
60410189 17569
381849790 14322
249064701 9654
255645599 2552
591118718 8765
134044906 11985
1148197924 15507
1107887202 21019
618417901 5699
842346347 19227
548042684 18723
178686963 14497
1130814622 20514
560108156 17708
519208089 16505
1084517641 8488
1398889175 6362
1651910088 11758
2080857636 20877
826135085 19586
2057765925 13289
695756506 17231
1278844698 2861
1475844039 13924
131493847 3019
1416041452 5406
39100225 4545
9248407 11772
395695924 6516
1411165620 17867
4822563 7530
1472762171 17329
1157450357 14920
1726464630 6356
1000080473 19264
795864138 6358
2049859307 16287
1060468424 20115
1130977834 22378
444913707 21231
771905305 20353
890524679 2587
107758158 3799
785747789 24145
1209146131 9337
1105739228 5858
1543526832 13373
2072965071 10950
1769743590 16567
1723616285 278
390659182 20029
1877629555 13527
1230227313 10452
745047257 18460
202955938 4150
125469041 24758
670176079 17395
296056741 20514
1924523506 15033
258098711 5938
1752254092 827
775938232 2629
201878117 13380
552915514 16349
429691120 3775
644687671 10080
2070207953 9811
2098356656 13010
1832471791 23354
1484485646 753
660377748 10285
300775717 7779
1259384692 4674
624494327 1167
1503589080 13968
600216681 3367
168088566 20484
1477504584 14167
2130085914 21065
1080450981 16308
730283012 6868
495474733 3904
154868648 2309
272042679 21786
647100587 21420
850293435 15632
1171168131 16564
92275275 24947
785342146 9655
1600591395 19650
1778135119 17836
1677839753 19505
1116792418 17286
812175266 12098
1845724498 16017
1785186197 21008
967173385 21795
661380535 21169
1566120152 22957
1928182525 19554
1180174974 955
949450959 9832
2119603707 6966
272357271 17624
1895323269 9108
1467436537 11305
773647833 20599
788343046 9158
1745918393 11817
1296677581 12200
1029546275 7773
882127360 5366
82459737 17585
2052590475 14884
2038668909 18316
1685632275 4762
1015760613 7881
816619704 22129
1982599534 14357
1109420381 1019
615332150 15532
811225543 24891
1254233254 24024
1950152105 9939
475247782 6990
1034931515 19340
1376882848 9164
989709743 23932
516403374 23833
2084149795 3409
98344725 20221
1508975086 13531
966519396 14753
1507410673 6085
1346218784 17565
1480893824 18462
1692693538 224
1339001510 14386
353923940 20472
136857299 10328
627116079 18035
99990394 11364
1055926175 23682
1952600946 19499
1801893778 4151
530978930 14353
347495395 16239
1787072967 7411
1098790919 3163
194378581 18745
1833720154 2235
345930966 13978
1744420628 3260
302314392 1175
357329494 4484
566479662 2016
1430826206 21678
324648343 366
1165525928 11999
1461713392 10705
725640601 1073
1755480624 10688
815268178 14810
1290897604 9541
700218561 9887
1261039972 5927
1569735574 7614
1831094862 21483
2125754027 13691
1422271932 1654
1517222514 10620
298088868 9550
1550460380 9371
164129911 14978
889287125 20725
1261744370 20751
38924584 15387
1092193864 19992
123788609 21242
344768675 13558
483444487 20088
1243593752 846
903268603 24961
601158240 24631
850829854 4931
387362787 11826
1937823732 17558
1893494412 8170
820914193 23178
2112059240 5678
1038069089 17487
607179900 16313
2017847910 11451
936005616 18374
333379909 18297
1313652684 21925
1943972586 6823
1093872270 22419
534451481 6759
34010379 16623
1610862447 16918
1458191371 19909
1969833661 11716
1346428920 21648
1903837344 20289
663100348 607
1563033225 21430
96118794 10913
1314130080 21941
873354156 19381
749173046 21206
581553197 12847
1168438366 14294
2051786438 12156
1382028447 21992
359947560 5966
2058768642 6923
1488904405 2910
1951405903 8556
828234379 13470
95448203 15493
509294989 13377
2122068710 23963
1514756610 24279
2032199319 13484
56360772 18699
1620204633 9551
674379095 15254
1579594150 17205
2143240851 17965
541856100 2772
1387689716 12108
2124467471 23745
788193641 16844
693763796 19696
957333700 9687
696185736 24426
2084463447 6173
1835188138 12796
270112975 5351
231621759 2565
1371494346 2169
1238763584 16169
997428939 13377
1851245496 10541
1573473480 4325
1310652466 10184
1502412523 16042
1324981141 14567
1847130329 4730
1541153843 4130
349067230 24183
1061111654 6253
2055311159 122
1806235415 3159
73918660 18787
1906527828 2531
657896197 685
336870100 5861
1643731964 10567
1557911008 24055
1443687777 9762
1632553666 6375
2001959526 21617
1090321430 20167
415006100 10373
1420451753 15026
1238754781 9761
1886571044 6213
169511770 10743
1191108021 8035
2075814680 9221
74907275 6059
891309195 3179
769686778 15447
205330787 17601
1153887074 15560
383077313 9751
2128036914 452
1764792475 14353
1065791159 24510
342338470 5128
91526646 16270
956338258 1781
1434648875 11058
12734068 9629
177035776 23068
1534782420 7636
719062176 22532
518434664 14821
1816285262 19783
1806657671 9528
1983116543 6385
2097686696 10615
1185412268 22976
1827749601 16989
1652497912 21719
150475207 17458
1234491505 21520
541761452 23222
672645311 23232
1588516066 14180
493582976 3631
673339232 7552
497388973 16832
1661789117 802
924794410 22260
225418988 18675
1030377422 3133
1068698135 1728
1898274503 21928
1676834061 14530
1978081052 9704
594391484 11047
1872898197 14593
1384035233 7699
673989033 24374
1413293122 24367
1095481872 216
1458818719 8114
1552248338 5898
605212617 4662
1678243890 2832
1615639664 3065
1269564806 4895
1669658991 2326
321812259 17680
400569054 15948
151517581 2333
73305760 346
316702688 19313
2111666138 23103
822549481 16990
399522173 21077
1907569718 11022
625808330 21242
1469102414 5429
486274285 7241
1604139139 9830
1581386938 10398
404158129 23646
2097484431 6378
2059107298 8960
542592144 5123
284991513 20689
438786691 4669
237309390 20939
1374671581 10109
1864075201 6715
383614031 24709
298272405 19705
1131795121 21360
414803094 23796
1942263268 6463
664953558 13337
1637944893 9375
1737411132 22615
36482275 4454
1256497349 7825
191692604 14462
2105197716 3179
93251935 12259
1173698840 6704
1477629412 155
1060376833 3768
734820366 20736
833743565 19936
2122961181 190
380587463 8829
1784766951 13696
350886813 9598
1874398095 6587
261679460 15004
1279799723 6146
798454543 10457
2060995558 11655
142914635 22494
1896438094 16666
1131960603 20697
86224587 4840
1492923221 5371
1862673834 9900
1065483172 10132
1152302656 5068
1047631200 20998
24330070 14119
1231921906 22028
2050760323 12306
1957796389 17963
1998611736 12909
1498434115 10784
465797188 4863
789050998 2315
966533252 4492
69158020 18796
441859030 11284
1510167078 19787
152378211 10882
1754214108 11407
989055091 16702
2141176258 601
1181225126 5302
1434190334 853
1861628601 24033
1957930190 9281
1183581567 18784
475629661 23962
1679305491 20986
915515802 18485
98921699 18479
1753594556 7730
1694571906 9505
379327012 21536
553233919 4719
1256375191 10754
1189517016 13561
1732589572 16509
1826395836 8136
1506364872 12176
106162462 22990
1201939834 22295
736145842 11687
1562293996 9494
1545734913 19762
2084353977 1503
679284523 14115
1931076942 21528
1270112412 20416
675576248 13433
695146694 7238
650974748 10311
599638981 4098
714551207 3064
577290525 1011
2072405568 20823
1592015396 14970
1349974908 5926
1075440828 23766
634162736 8375
1768240292 8772
1352016322 11298
123944493 13175
1154039250 12387
1815504776 20017
2029822551 7285
1977450874 7264
600895191 11448
1133019539 6539
492546069 3096
937269795 20471
609490120 2011
1698310313 8366
804722501 1391
1826233489 12950
1756519893 19379
527352738 19574
1050321498 9155
1129882811 16095
1664601252 24358
2016209064 19538
1415295389 15135
1567002450 7578
1339507972 16108
421211202 6226
1809839907 23541
231730791 11363
1849698914 10181
1897626333 16318
789738465 3554
1205540952 4036
856889228 13348
1246521686 6763
959637441 21863
780627856 3988
554647362 21860
10445289 24701
608335303 14127
1090110179 7902
1865229400 9942
1134789413 20996
1480561284 14600
1690347495 7558
22078478 4616
1369313939 1327
734734705 18830
702463573 1838
1211007091 2820
1295844475 16875
1923781882 18380
1499196298 23151
108252850 20867
1222628884 1978
908190305 17343
1425142749 22374
821623283 12124
1984420439 3899
1330896842 24691
1573632103 23903
1562207786 18238
1715717964 10758
301652309 11205
1473897833 5726
621174970 19868
1502092821 4752
689152851 5848
385338676 12495
1806425303 740
1965871313 9438
866830445 1000
810091936 3878
1372166559 1811
202871686 9644
337228130 23515
1125986998 8105
1665083060 15440
1889645925 18413
1789938592 16018
258936338 247
499320728 1807
1543141644 7730
1531729304 9548
1938828515 19862
1922132995 2884
1703997344 15316
1188824117 14285
1779477724 2004
1376615709 14828
1891555256 10408
104960638 22210
674558557 1779
823349119 16891
1331569574 4977
170592814 13692
312514286 2226
2000414433 16816
1376454863 24253
1212763611 5586
1341022876 12667
202217593 3393
2072000339 1540
513321494 2327
2122099358 22625
1377647216 21013
407904852 6865
215527320 22589
814097482 12434
276677175 2358
4876548 16035
1072092861 3460
21544333 17552
97586052 14778
484034343 6971
1235353860 11867
816181193 7833
160252205 15957
442781602 3629
1693018186 9136
1368397602 549
1940235465 6251
430056740 2101
1992779317 8479
1711178268 17272
629058050 20234
389014270 1209
67484891 3681
