1202619727 17367
178161660 1133
1718053089 10283
1178329130 23702
371441770 13426
843379692 17614
1184953343 7252
2127916791 1876
501332472 8890
1123048143 11891
961621030 23536
685448914 14307
233682718 11873
180069558 2973
932800050 20108
814881704 22627
1067579970 21404
1011266211 4931
1883081334 16292
1853880496 18337
909945165 21059
1488028026 8520
1747261058 23094
235866761 15019
1607583568 8931
1950653593 18186
565772385 13470
241487607 18420
1487627411 1539
93769861 8595
711719004 16544
304822695 1852
464872243 15283
1931935243 2008
875643254 3592
963072272 764
118277569 13550
1257778090 10505
282514152 4905
1793502903 19516
1675319814 1693
369910468 84
1596905198 20964
1218236146 8185
1150225344 19239
704319671 5103
866690537 19482
2011630029 13455
1021001018 10285
181477524 21882
129932918 20109
1946587847 7
135497186 578
516726723 7605
866373473 5908
12274285 14542
947181047 23328
1799005907 15439
1685347406 14363
2009479557 20042
1426026102 19004
1839754983 17291
568301215 23582
1321543285 16360
1073439850 13742
808078499 24510
812240003 24142
201487332 6797
258767191 4075
1688309010 6263
162104655 22788
398264987 24372
607498133 22593
225964411 23235
1018702661 255
1801248680 19094
565828453 16645
1627746693 10862
1943022552 12443
1324947197 11687
1384419218 13366
947092922 7673
304348892 16672
1397079640 11256
1389311314 18494
932954449 19059
1433426086 21528
267629939 24529
1241898862 14658
388609985 8128
971770241 16073
69069534 18922
1295478261 3207
1876411722 5069
625850438 4780
1459882901 22115
1428272776 12893
153419973 7435
371672855 19772
2021349298 24325
1915819854 6455
1754055561 21639
1141952269 23164
691721653 21237
752498256 22183
1098704676 2849
285585611 10852
979752043 16914
1677602495 13803
190227596 21945
1012028680 16621
772442406 21430
2034482941 9097
1542153732 13942
469230613 22442
16932216 12009
1930424513 1194
798667932 7273
648538701 12905
2072949509 22333
1399404156 23684
1542440796 18842
589505852 15752
1266772327 15102
934095490 8859
1166923055 1556
87369772 823
1894678308 18590
1644945304 13172
12853312 14607
1281222017 9371
1397268742 6648
1698986948 8433
1755458040 22826
1053517551 5545
1554924334 842
2078942357 8415
1664952675 1547
1173989320 20549
1421663863 21944
1937172489 9002
888996448 11957
49689879 8066
282262705 14546
861890904 20908
1345494894 14652
1801460843 24907
691185500 24045
345477049 3497
2771181 10003
123261391 5721
1858362792 402
1761282093 15777
1390170117 9876
413066348 11949
1918248331 18301
705326230 18368
75417443 16057
1284318880 1355
160332655 1517
1000917654 9971
342114536 8037
4844643 14765
896079766 23633
1321621064 7540
919901199 22062
562416938 1457
1935466814 14783
665546710 4632
1211035428 22941
689692212 9700
504392109 18833
1096350503 12825
1586529300 24628
1444220412 9880
1449878756 18193
1146035884 23037
1933765526 21261
58736638 2535
987483203 7648
1101757592 18222
882597393 24687
721852484 5664
623659811 3392
309689086 17887
2036458734 14963
1352116506 9641
23012841 20735
1723359337 19082
578616606 23628
2060352138 12754
102242929 23422
1056396581 9244
525451947 7678
1098780023 14577
1451256685 17745
1318569066 24976
2108363861 14989
114705113 8312
1744283409 11379
430994779 10598
560125551 2496
416024953 20175
1244950184 1022
877388812 24292
1372165383 9880
933358089 4047
1678975926 21868
1675522545 5039
1175402648 6491
335593654 23589
250084786 16906
1035473009 13124
620221398 10130
380537652 4397
2050755453 5319
1928500604 18851
566233200 491
281529080 13734
697628091 22905
503054629 55
496200110 18397
1498667982 8026
1156662025 20877
1820234589 15576
1314514828 8060
1688342999 5928
1655680376 24004
100358351 11176
1521620684 11261
1339949433 17409
818868078 22659
381618501 3097
1716314566 5541
539728132 18849
1131072859 6509
665005332 22549
979467333 22219
56784099 23909
1818239539 13464
332238945 14639
695479163 22361
133071246 1731
1112965355 15671
552515430 7260
1613025501 21522
1321446744 21445
1263991448 11324
626441398 22818
1039890040 676
292694057 7785
1477225664 24149
973445494 2654
806680305 1982
1867429253 11135
1089965900 5156
77895196 913
1656194031 10261
1940124959 3631
826268682 3343
146836961 16627
125405165 9253
792820950 11990
1754421636 17189
685374705 14325
1069555015 21107
430504974 18085
2071825349 8888
1517341895 20897
1807292741 14433
727139050 19524
328516548 4398
1184495625 247
482080287 13852
119772748 14611
1607345811 23870
1786901448 7516
1612618999 12804
1919179707 11748
509223223 7178
290659397 17584
1879669453 20611
2050844376 10748
1196284357 6083
800422569 4181
1192324780 11819
193900051 12228
199239223 19384
2068518514 23796
1822391973 11322
1610369296 13053
692947441 2828
1800332629 20514
1204760857 11232
98096951 4736
433940097 14405
402930016 3816
2023355828 7776
618418267 19205
2022002772 8948
1731993334 24179
830485283 7895
1246949186 19399
1243586227 17091
1232216826 6493
931731052 21171
1927573859 14321
1698601119 3727
1194753415 5389
749089756 12002
732450614 15142
1008813105 18070
1076841903 8502
1159681255 13136
2145125360 16049
366014568 17358
544668441 15322
1929900441 19526
236698718 10675
493458284 3881
652790746 5863
994323960 1450
1182132784 17182
957966254 13828
1725055923 8585
202882001 23188
722722397 4384
1089911691 23955
1038002878 12325
318292514 10227
213767957 9334
375912713 2542
1091828914 6224
700554072 9385
805919899 13298
1954769634 11555
830846474 15394
1478409570 3961
1932417145 15857
1784905677 23442
361539798 11304
1456233316 3477
977049056 9629
2141846287 19932
512110566 3051
208776239 2224
633428431 12421
429952693 18643
1686754797 12077
78964716 22342
1119715481 4463
1551697172 9381
556110569 4886
1583629633 9010
1459276973 3140
1900758848 18236
597995746 24432
726542813 20186
1852931418 2409
1881046324 6765
423276781 12981
182134558 14048
460146263 11991
1147348856 10331
1157816905 24316
1070369006 1447
1841784333 9157
1370999656 12596
536961021 15142
289828383 22705
2107427409 5811
2033123630 8104
1073793516 8904
423767730 12149
443581817 23299
748468292 6185
1739885156 15474
915144687 20425
1044238752 22763
89477873 8115
1305174799 12877
206600841 21780
390514801 7265
141607104 17140
785060421 20942
120477527 4198
795161724 17479
1176979461 11040
847575219 152
266690310 17663
1932588662 13980
1753834176 17583
1765000504 2628
380817422 10552
78916556 6397
671623444 908
341769360 8296
87315805 15583
923047803 16995
1591349601 15357
1922749596 23891
1414118303 21763
212354574 18555
813590802 8054
1823427264 8662
1550158357 16602
602070104 19397
1835585714 16623
1845261116 11086
2114076402 20759
1806469911 11519
1948916687 3881
174077858 13005
1210979763 301
1227403859 1850
497724942 6188
186189418 18419
3202428 12586
1179651685 1309
749359681 14846
1301763851 12281
44766014 13146
1409528259 21805
828343407 16626
1276528022 10710
1538201787 14906
1525866002 24175
648083998 22127
1741679722 13097
1293493763 16238
736363491 991
1946322250 10046
1043441293 4420
1487564991 8130
2105549064 24265
2066809239 9638
1668372567 3824
1677470977 4586
486209464 14470
1104956486 1378
1918644128 11703
624075369 13603
1883037635 21544
459717679 23804
719575101 18682
1278935836 6073
1768669848 8230
105639603 4795
1215416090 8319
1255399804 18646
1545042501 15437
976641900 14331
419023166 21712
2011411300 11279
863700846 5636
592723952 23710
858222645 16046
537818573 8560
1675298099 24001
1001420074 18860
918534294 15351
1628211353 24284
158218930 15709
1561528059 4916
1301369384 6941
1959813627 8936
1001537832 22661
462730945 16633
893302258 4482
1145103936 11331
760985874 12464
1402461751 10866
1056238699 10118
104876066 18356
608583405 11321
1996949450 24685
309179109 21930
1456536331 19221
763503261 1664
396457942 13973
56876449 4317
131331464 24953
1895410610 16209
1019263734 7494
1073454523 23853
1563783030 24658
186145384 4725
234946267 3902
1005258794 15961
1512683582 1845
253396196 20656
1157839067 6227
1347128744 6872
1659164366 3158
1831565973 19836
1635965657 8168
477229125 24088
737904949 22489
775973819 7231
2089611781 11885
1598126186 5841
2064046423 18667
1353075682 14668
574829926 22380
49776169 1814
754930394 500
1841859485 10661
1780607510 6707
256693097 20109
130522960 1257
1590589372 15055
1710843617 23911
93448052 17893
1356701529 1978
721321724 8625
672370293 6216
145752578 10823
1129999812 2263
578155113 14822
2127672845 11344
1928079948 13771
1840799531 21413
1845261088 12752
1319683723 19743
1332636861 4638
1650817986 19696
860703111 1099
112961932 11827
1090748571 15490
878506785 13933
1296483960 19334
2023882136 16890
1150096243 21366
1650285600 3592
223195570 8435
991903560 6372
851876953 4813
239458697 22701
1214916357 22758
458246991 12689
461374572 15651
1212771432 10573
436719441 20526
833481143 4278
1866856462 5822
456083732 6530
417019081 24105
1804019453 16125
1486919976 7742
291108053 12448
2071206155 20833
1831608416 12858
1972181846 15801
817761705 14615
1856030347 15048
537807096 22598
2125514409 11130
1938299141 12464
419746764 17183
1214508805 20890
1405225449 24981
784060141 8683
356967976 8919
550124859 11603
1253974305 22205
625863343 15002
2131581276 16975
1976404980 7479
775118898 22821
1118687017 8561
1893451465 12495
1012660879 12941
1488476437 10923
408474839 2596
9421728 358
2016608996 20587
433999077 14856
841088463 20460
1926830821 24206
1953569434 3833
1407423966 3349
1838691860 5008
412786263 20746
464621581 9553
778856476 12791
2128749658 6033
30841621 14501
718988442 17048
78277433 847
787954861 17491
2008597547 7782
2121161308 24326
987896632 24761
1051303044 3831
509435376 11501
1679405268 14629
1891356552 18664
827276312 3206
1303658606 5610
1360644848 18404
969853653 6469
1904537954 13515
2033730091 24182
1933659600 13315
855719983 3563
2079675552 251
1832355558 4836
1653954280 24780
2035775489 23601
774375165 7347
1411884444 13592
2102348352 21725
1205783430 24752
1405250262 8775
29385597 19635
1330995201 13303
223127947 21881
2051921019 12706
591651860 15427
24751719 13547
186144097 13921
1352213058 14181
1458941551 10285
1203283812 788
573258956 3009
775122024 12709
1702472148 14335
636435787 6362
29071226 21204
1489349830 20246
1496490595 17954
1325490409 23253
290442245 21361
1275316458 5742
1838691057 13961
1246048413 1347
1985461957 12644
243106466 9741
36466527 22875
742549732 551
1192982786 7925
1260614041 15344
475836654 10829
1330582333 13340
1689660538 3174
495341590 23383
1582825693 15844
2142865647 10341
2101284281 2425
2074679738 4544
495376980 3099
817982905 19299
294614271 1779
647953150 7254
667817102 4046
2118309160 8252
1930247252 9033
476560397 21888
2008684994 19584
998134024 21429
631704651 21722
1434164993 2823
797447512 15831
1716470998 21272
1239593909 14130
1720726681 15441
1991603753 9142
1898668913 7632
826820355 561
1448975309 10112
1161972205 1025
1858554197 11123
1508156487 3571
683668429 13411
656475544 7195
80394287 5171
758330412 11724
1508019468 754
246400796 11747
1392985759 17071
1242423290 12183
1459758480 9937
1928110595 5624
390417309 20384
1930263080 1051
1828171040 6488
2088569128 2574
2039477993 9274
445712196 19941
1255168875 3699
683330138 13156
785465199 2164
1713703916 15215
241156216 8662
1863567533 11556
757955734 10852
1908292164 1502
1318298446 4480
206271613 134
1447045424 8058
1472627044 396
2134830796 10427
766611495 16550
2041652346 18094
2065746888 9209
1903578037 11679
1943012712 24295
497146077 14123
1266119964 17058
1621252620 4931
884137581 23994
1229029260 21519
1301916589 11741
1411924008 3430
1219146903 10598
1902030477 6398
374527931 21771
813018462 7354
378153772 7041
812005367 22252
749717773 10944
745692148 11935
1831157935 5038
123655096 15405
499176471 7491
1473430349 18393
685094459 9768
421176869 3714
169145535 3622
2123825470 23216
191630935 2483
206529187 4297
1380165761 19171
284053169 21131
1974216568 10097
1091331120 19684
1209171064 8055
489077050 8602
545285671 22208
1119232207 14830
1585771025 23503
1372124458 12696
1982289351 22084
154839641 23445
404128396 21813
260634719 21945
1318316318 16880
65090657 17210
1361191070 12481
1126315273 22163
897993845 21713
1284215280 15415
246195614 5465
643087184 22032
979976681 13043
1035804759 20718
107696984 13399
354003880 1134
1837598708 9734
862629107 22694
1200911819 15059
1502045391 21136
1745952667 2021
346154247 19810
655226458 17380
332945989 8149
1520255579 13152
1137401897 24184
557022794 13380
995492207 6709
2146693476 6540
1919963398 22029
353751687 4476
1785647104 23565
1610568145 23212
852807045 493
60222462 23294
497365913 13619
732672868 24529
616258412 19394
41791766 20662
77025654 6053
1230807053 11540
1691163165 12109
1127515008 13419
506079515 5142
607452737 14768
1901401844 10949
1007913711 3629
323721883 21247
1311350591 8914
239543666 22506
716314523 16048
354008161 5171
1489836590 18787
381899524 2228
1924587525 17515
856054866 19547
973727428 8655
1250890373 3294
1069402843 12663
277514742 24037
1414946326 21284
677361355 21508
1811732531 13627
2111969996 8363
151860121 8234
1199628844 21830
574135303 22740
782233707 22833
1489225036 5618
374240647 12793
998925570 13691
1276271896 10536
194776416 303
1705419980 14313
548857158 12041
946336150 8436
2145487214 3118
36734649 10964
1727349934 9653
2077407418 2770
1380170189 20146
2058359127 6430
14532791 16357
1536401651 10900
1617690339 9247
1749159893 24656
365085210 6572
351830195 5987
1352935143 21966
2022901770 20415
1991783953 11692
1206704747 15177
894013695 24379
1127087546 24485
1335593259 55
1372668160 8627
419141185 22131
2073594757 2323
754687932 1981
1726033857 3478
781642914 17105
1008820880 18013
1712049694 23120
1334889814 7343
1232044763 2792
1765576696 8419
1922807508 18842
1520101645 8307
726760350 18447
590094421 12261
355059056 7291
2004600951 23246
1559754536 2556
797490908 22351
162931161 20906
1458144326 19926
761678038 10263
39518319 16407
668543213 7900
1226148542 19494
2097856374 10268
2095633402 14290
1460385410 3094
713001140 2550
1613315697 4045
457295765 23400
741027914 10987
604715749 18129
2041833571 23212
880983979 6504
1740460105 17790
1615365332 14179
643833179 11626
817418497 7043
246370418 15977
1415899549 16937
952248437 12711
1800095941 13591
1902486388 5527
1188172274 12402
1144669571 7479
96890736 6515
2145505220 18210
862453504 5058
738528922 24103
529593683 24954
658653284 7254
1878413818 15823
180149354 18723
767950122 9632
569189564 14775
1931043595 17926
43451618 7612
241637767 15596
1140614463 5746
2015186617 10162
1802702548 20280
11863037 1334
1913381786 19220
1567426465 16092
1325484481 6368
1861862684 21358
272213833 17357
606181774 15525
1097932261 10798
160314315 19833
623062374 14571
1576423323 13687
1438121696 23161
1813869222 3408
160122795 7372
1350071298 18751
14207060 8885
644619694 15035
515565403 1960
57168632 23688
448159871 4788
1536265375 1977
1904879627 20684
65561688 204
1301412550 1762
5218608 2697
727863844 8494
1891079351 15152
2047731320 12003
1106045015 11942
347231370 14019
162743105 6801
972534815 482
755781349 8264
33774037 23327
182725570 3683
1665621534 15777
2081263403 3671
807858743 2761
1893164423 4764
1365066394 20543
1092843952 16056
736633416 14184
913320117 4873
1726843178 7667
565772413 9625
640123136 7486
340382497 23997
2040422115 10406
2005623975 22652
837746516 2338
1706228702 20462
1661051090 3708
1741623172 7857
2120037483 20834
1260638316 15896
1595797318 19208
1290777566 22352
782736666 23886
70096323 5053
92450882 12241
2059185460 13996
470441991 14156
1549163562 5836
688540310 11621
1267290277 11872
950151626 8309
1072924320 21575
1099595375 18857
284339403 5784
1937273228 7617
1782431912 6381
1469652550 12833
1175014106 2679
1662221599 16577
698267938 12272
2038107989 10717
1526096661 24911
1289023008 5814
145920682 18068
2090000790 21255
2135937330 3109
1200826112 1165
699366457 24946
1788734931 17074
1623138435 14747
639422227 19799
615203852 8154
655560385 3564
1661733771 1348
820876390 5924
1199450109 20764
50532456 15752
1421374572 22104
593702248 23454
1103158261 11448
2129233960 1220
368960658 20581
1148198442 20524
610831711 16990
1629803455 23141
813686319 18187
2004631779 12129
1075472357 14320
1005927332 21178
637235848 13493
724265849 16901
1496339998 18655
1361452440 11500
568219063 18048
1116525783 20254
1229514919 17870
565345457 20457
1431672430 20992
100520995 4805
514745915 18883
298981179 10976
329216391 19000
1837636327 13331
367545877 24677
1440036529 9332
650275430 6182
1486944105 16754
585279919 7533
162566699 4167
2048857831 23492
709498868 22241
1449511958 17863
485201945 12902
447967524 8355
1155530214 4521
2131904041 9271
176054491 450
786651584 11913
1761623324 269
975747759 1678
1550467633 14531
599554030 8561
1896269667 11644
849727749 3576
791976868 23931
1878317570 16516
2075713656 1715
861490697 4150
1428586422 22517
1118071455 378
402963005 19072
961656372 24990
1696837905 23344
2022235169 18270
202630862 5007
988429630 2212
449041136 20187
8953044 18859
2102004214 1911
348417532 3455
856232807 3282
331460108 17342
359978135 18852
1539008472 7806
1268607147 18373
1107740526 10123
203049243 22538
44951153 14693
844920570 10968
983078212 24461
483153950 18380
1707922717 23984
1083436220 21572
181677924 16726
799240993 16053
1921550129 22030
600560662 17233
1862800187 16621
1099502386 14873
1118975518 19759
705891469 9121
506223103 11179
595664236 15161
218609457 9741
1275539712 4635
1777125772 23397
1194868050 1188
1824668434 6221
2124632865 16762
504844217 13057
1392820251 20997
1319362333 18799
792642491 14385
1213645517 21345
1466291287 9712
1673464762 15626
367084279 6912
943301943 8162
1926112394 8718
116557476 17459
156998869 6305
1225399317 9960
1880578632 13038
993508889 7674
880361425 20388
1430419263 855
5385289 7192
836449114 10327
694658827 10773
24125965 24414
1366037568 4269
1856198216 9800
497622858 17478
669504197 1939
1112786280 11482
890023525 17331
397704990 7116
2137613542 22400
1438803744 6765
519136255 6766
1811760360 175
1299044935 12208
713634926 5039
1063723599 24017
1751824203 21776
721555557 166
714676731 6613
1981564684 20056
394170044 21576
553894072 8202
419790924 21387
1326816333 16039
1371914138 6561
1411434071 3882
1831566665 23892
1634552467 15474
755593105 17933
414924069 14720
978181739 1562
1998678514 3215
812173681 7819
1015488505 1130
463723139 7315
1008769413 7047
1377967157 731
1123586858 832
58716917 16538
1076569685 8860
70563058 18329
482651439 7132
834503342 10163
496942564 5572
2010701735 14271
511757126 1139
420263509 413
1680572797 6304
1002164081 7779
2002586991 17245
329071044 2194
1181997819 20171
736471593 354
1649394899 16205
634084900 4289
281098334 24656
664954475 10533
1703396056 20301
1720430075 9514
1139961936 24407
1084071707 5077
1096713710 24227
168242953 24810
1124555018 14849
287052446 22706
251105896 749
785947454 10383
84393215 1314
431603946 7108
652988305 3536
1239946507 6053
365939184 18667
1768303814 15649
1307484489 17384
1503682191 5479
1797681749 5738
2055550106 12070
538481389 17837
1790548467 20445
1268645525 4004
1745249315 1981
315667537 21639
1718251888 24895
721471624 7431
918009250 3294
1101395837 19905
1470393629 18604
1474865275 24479
625705798 12614
118288444 10519
2019106986 18716
579255521 23550
737991096 11197
167932030 20613
63972113 980
1493338822 23229
1325607284 13978
1642637507 10507
1342566705 10856
898193241 17454
330985511 16158
1955401101 18636
457210572 1676
1297974923 23530
204672899 9531
1580405693 2035
618495231 13445
156062761 4622
2077858881 16494
391762802 24494
288695471 23033
888764014 13018
119016973 37
440515501 4062
1828948025 8917
2090226464 21527
1073589885 9944
1794688533 10486
1377333761 11539
1935086325 11717
839530288 24511
593614423 16670
1032214450 8304
1680065911 11458
566641829 17705
2106834305 7180
330336222 17876
248110563 13007
504236448 19653
749311050 9687
320981557 19367
448769705 9041
796495400 1285
198924232 15968
1114059443 18129
1287518583 20931
129143830 2824
1898177202 6934
316472361 18658
1747327059 17386
566931546 12688
1279018995 12580
1259877238 16015
1617171753 3715
947678217 16823
215509040 17117
971479909 6091
986952711 15505
205997693 673
1034295848 9098
82418682 24301
1897637194 3350
52676584 4806
1486553814 10067
2056843425 1631
1751823035 24294
107370368 6484
1964037402 2948
1493862684 24177
1330426111 13432
700098470 477
1169920237 9432
1207702337 2454
799741821 6723
1413534338 12003
1928867821 11243
441684246 4014
10979778 16163
1999980703 11082
202414853 12712
1717669214 15160
1969211511 2156
591550741 3822
159693324 18913
594379103 24608
486241697 18597
707068439 20714
395530561 34
317114501 2409
1184409934 8804
1687267807 22659
128448173 23505
1786793799 20776
1765362654 13670
1907480310 23032
1851430170 5760
2067341225 14255
696552061 24607
732185255 22986
439110820 16576
792037463 11040
375325700 18694
816271895 1660
1788250293 22723
873729832 2603
1167272258 14509
1783708268 10657
974892924 10443
836355645 603
1040995653 11453
426280845 20893
1676686730 24797
473690648 14282
1195220320 4864
1222087633 10668
1818660671 1517
704383800 11331
1309587301 11240
1106559843 10674
1691830051 11852
1954359 22611
213399205 12503
1433954736 18842
1282792424 22241
548323505 853
1339386644 19226
1069625866 18158
877246213 680
1495847194 14501
540814609 20447
331640634 882
438026936 616
612609792 7930
2106526334 8140
818997128 12735
1832289686 19040
924780033 2219
658637669 10584
2143440138 24802
1421903471 11238
1791706955 20297
980176649 8837
1962056497 6745
2119043119 3504
278812047 4621
655831485 1139
1952802529 24635
278995827 2648
1760581167 13574
1202562511 18665
1052861299 11220
1665798593 16769
1901626172 21258
482745311 22684
489441509 21997
1536422384 7847
191786222 21069
1469681686 14164
758440217 15025
242987945 3748
941991735 9212
70870308 13755
1095356869 10476
2117415260 7776
1746236957 8703
437118560 21973
443541322 17982
155086702 21965
253743829 20250
841986801 7334
1102760808 12071
2114280086 24836
1841992889 23668
1244447489 10013
948645255 15700
1073602023 12659
2108985755 3923
1709375051 19894
389039154 15972
1077171375 19017
686997017 16170
229841756 24763
11095144 3973
843756111 11649
1258679285 7630
2073127793 13990
304732474 13711
111521788 18646
1593693923 6420
1733982581 3609
1090544922 14470
1400184022 5986
725279023 11377
1166390135 21881
1552783459 11191
1901416764 23546
1288128835 2995
1283256154 8696
26087226 7399
202085259 1554
584655941 9422
4680814 23002
1399091372 9327
316590955 15741
1064471408 17971
1455983001 4702
1207165021 8954
1934306567 6806
86058785 11323
1106390742 10545
7479672 21825
869524421 13903
1001452978 22133
1792432846 5653
1914686021 7642
1214044539 18558
1589630911 10567
1953126589 2464
1052048864 1971
904349161 4401
1059144118 20353
904130844 15274
2036677201 10452
1411596437 11121
1375668023 6616
656795276 11261
1468455815 12857
1842101283 3361
1362738830 19959
124560057 17779
434197519 15076
1308986125 10127
489026206 5860
1522938791 14027
202661131 549
322130127 1791
743783841 6262
509836855 12233
787049683 14734
1911677828 24067
823314171 11414
1325222527 4333
149101196 21921
2133250281 6721
1060564070 3730
218245154 4904
1115980942 22503
2115658472 17868
103204026 22762
334292145 9227
2090500886 9911
1656495250 20094
1852330734 22028
1200913072 20724
787158527 24215
380843213 19928
1750777573 12007
834555763 24197
1843178859 18338
247129797 16999
1714096244 18029
2145874812 15349
1556755978 11724
32196663 8528
305317929 3746
1057251551 6023
1471126693 21201
1080316771 5690
950064115 4047
40783248 14997
1061704976 6289
31654068 3781
760930530 4185
2032834629 20850
711574372 7434
179842631 6862
1152331369 8058
453606684 17134
1448857123 23484
2132316988 3148
1972609996 111
459838250 16478
380334015 11896
745694650 12645
1750940076 17413
1341842277 1117
390312236 13361
181776392 5250
1169989886 14009
343432751 22753
263444018 11304
664994829 10246
379628071 11458
356159870 21080
1641328233 14799
2045790690 19646
637275151 8307
2139110752 11360
1521442863 2914
9832175 7723
469177859 20056
162706265 12043
448913287 18468
887818305 8731
1328353523 3650
1675379233 20756
231402936 1378
76000627 22578
1324627038 8795
54319131 19023
1122128306 6854
478751305 1347
600889224 13890
1022923523 21985
638749651 20715
2079074136 5361
1565873549 8171
709742778 12494
550891070 20967
381437283 18436
2045695838 20506
10760432 8707
1056765697 10194
1911489 12017
843792287 22927
1073746811 7283
1736817083 16783
996808678 10683
1770958431 11027
1948895828 8582
1866256109 16184
211646490 14352
832822290 24729
1639345685 19549
1314384037 15943
913875686 7634
101659984 14613
1623757103 11967
659514219 14635
1007449432 5466
91361774 9411
873938230 8975
689508012 23029
1369260692 11428
1651245612 24991
620333096 8404
821729991 9466
1410151148 14209
699762204 5220
2085895577 23481
1828395303 16920
906503078 2610
1034398054 324
1360671762 9128
586300709 8553
992861732 21303
1919383507 22118
930242303 8786
1571974345 15942
1754661464 10828
1011581296 4455
1958115337 18025
172500756 965
650026504 7445
794184254 24426
75565389 2637
97439968 14530
630173011 5835
743036140 2824
538259615 18349
1139938970 14133
1894514793 17371
1141801265 13521
356859227 1940
1350630347 23380
757754121 20453
1129970700 6346
247305577 24258
1103194018 15879
181461125 4432
831113264 14703
1207849045 8033
1339858076 17651
1392808347 13132
2088501362 10465
77430775 21022
56832754 15117
1568437935 16222
601252441 6068
531041776 11710
1383578910 4716
991441195 8686
1845209298 20104
1165287465 11342
1718028763 17982
105149391 18865
140973328 16499
127952699 11477
715311200 1862
2138546678 15601
1347056711 4986
702573811 13583
2087361794 17263
1587768204 6172
1781021850 2419
1498805567 10772
631658087 9347
640648637 5216
1661634849 8731
317128163 21268
1024255456 24445
1147725941 8442
2008989530 19555
1790603495 20596
58646833 17674
2072365390 4918
1551503056 35
2052147197 15839
1279082182 20715
54537056 6104
1714896055 17242
873040394 9127
1122574917 12275
1658578634 14287
2045990814 19230
1719556486 17370
1842395298 12752
552373537 15250
1912820094 16841
464805255 3553
1145834901 24997
673272527 24571
334677295 19788
1860955385 20970
2127894491 2381
129455452 2236
2103483524 14228
774342809 244
340529200 21005
1795635878 14567
2055277138 4538
1206038841 21489
416548403 6781
864075761 16254
1993400423 20891
697801389 1771
1368524394 24291
1595406682 15537
1132786364 14986
1785517810 12778
749071477 11201
310568220 10158
1931433525 17413
1701174988 8187
455936311 23584
1803177985 21198
1043405597 18904
1899603091 11984
592905759 19985
1372280819 3800
19783636 16518
1384953880 17666
1780587285 9389
1110229770 19442
1732804758 11856
2085891126 3395
463692054 4494
93712496 579
1186078343 22364
1900473501 15132
1546725843 21568
1984523390 13555
1404479854 9783
926343901 3195
762163182 8803
552788880 8559
1815851658 5631
1478790027 17680
417445921 11207
2064687776 5437
243156155 23200
1553379602 19050
990819709 18782
2078415092 2573
2012078722 16531
2057044640 11210
320810309 13652
610355794 13679
721784893 1490
590494613 24280
931246550 16252
1438261352 2019
1402586264 1322
503831718 3147
1850939840 16440
1051076939 6007
1129916544 22606
255388248 2680
1438217140 16005
424138867 21451
286311273 21959
1924909133 17302
1289960703 24896
1588568713 983
1435633430 9975
53965134 10574
870029057 16053
359993956 8545
593304223 8660
1757762048 6371
1893638442 2148
649588179 2587
1545192183 7214
319817918 4264
900983902 23832
668429394 12710
1940960368 10431
1059121291 17800
466580306 8358
2109473043 10460
1857874890 22825
1485733182 9448
851369357 10982
1601223268 21355
850145005 12868
1543006154 21240
1464810862 24672
468323189 20112
1084811884 12554
620081243 22414
89292068 24118
2118955514 23226
911128862 9858
1623340826 23889
295651845 12437
407153216 16320
1521073430 19611
1306721998 19137
1399890826 16023
1088549151 13159
1031232751 14904
599913499 6711
858130263 3948
1100409343 14832
1648450687 9866
1926425212 15555
1599958632 1760
319726611 8979
959165814 11121
1845291141 11081
2143672762 21302
1656482082 7556
1668974243 5116
875078956 1312
661663404 16480
801968830 2876
586300118 21992
2143674681 14645
594511537 22676
119154014 12247
803868662 24396
1123655640 24562
443023862 16814
398821742 11934
326368429 3299
89439329 13205
2140250265 17883
1455043792 1066
1473774054 23584
1560164268 7782
1797990120 13679
2020438930 24875
2000236767 18120
434778382 24321
188621637 21893
2080423347 18077
1868111198 10493
82312902 9327
2009555052 1205
366511448 2947
431877572 9926
1955722222 1189
398417228 6188
708430170 22758
1178910089 24653
1200869143 16270
2055230987 22182
1841964931 19022
1643541508 5219
627489373 1591
226247446 17227
1827803399 23913
1192503253 23916
1000520418 17600
1541706097 18203
432051258 2937
1723432756 20445
181947652 15353
747009088 19551
1044363935 13649
327841971 13356
1635339254 23850
822312585 990
2003024490 2534
1120900421 14335
1600949294 3359
1419525002 18146
1164962514 13574
957716794 11217
1052197356 17548
1146822276 10434
388684784 8420
694611861 6635
833916093 11817
818490319 3514
1019048989 7080
1447430604 3663
615942395 24261
944341534 25
1253831389 8026
1469017079 11747
78691849 10731
1084117748 12346
1199851735 14110
1688565036 9748
1629564625 11212
1991506286 11870
873793627 6073
1741011147 15381
1194135708 22738
249787748 968
82785045 20899
822030975 12033
1030450096 24625
1915418741 1629
636373869 7609
883719652 22121
496739778 12393
947753402 2984
590632458 16657
1121970598 5272
1635081816 7010
1250531314 8253
1869004939 24864
884402162 11108
1024199388 5219
790851239 14284
1540224519 962
292098243 1860
2047869963 4260
1707290918 2058
1639518075 4107
1116345123 22268
144155261 2224
1766633132 9743
2036114829 19723
1731083914 7691
1037805443 8215
959004324 16385
1851805747 14934
174129743 7990
1204641219 17380
257383886 11714
1694486282 12889
1059998504 8431
774435366 11215
1480041141 7049
1238517176 23341
259053707 6554
1938978956 19212
1068789552 13230
998255764 8853
297908300 5246
1886691609 9284
532872640 14459
1481759781 14873
1664654671 17474
1214327447 23908
819410888 5043
1402378960 3707
153126419 17382
203698508 21869
995396590 214
862557279 16586
2122065379 5766
766071912 10667
1433023521 11444
1157535153 7048
1871912295 22126
40992547 7666
740895946 14981
1693804078 935
1495090827 17184
134040485 16388
1811762074 16901
502531021 4286
977567294 19328
1106448949 19574
1050138681 10383
1696891194 22746
14460665 2142
98621997 1451
1642452437 23364
1750176247 10452
419963964 7187
321283221 16406
497882244 11922
1396006010 22208
343449118 5663
497537538 18584
835254273 4303
125206857 23591
1957703169 17469
435996791 4778
1039438198 3117
141028058 5244
1313690814 146
1646484908 18906
488332561 19091
290635351 6428
738040571 18331
748763021 23767
97506442 8476
464402573 21021
335825717 4603
894819712 10323
1857588140 12120
1814532173 20495
1667837906 14444
306097924 2276
1067783077 5297
1932916633 2757
376546808 15909
693393041 8991
2024712315 20970
911165626 2279
461481694 6694
881193173 18474
1016448118 5240
1118970442 8836
1863193442 17335
1899628587 9752
569192557 13831
678894447 4436
565781327 6775
1512109862 18168
71049388 7182
868606656 6890
419304652 10978
1181313280 6714
881592664 15507
548425994 19464
1457840424 17665
314069047 2970
1951223137 16722
968531376 17581
633893637 13574
1813765087 17476
1074847501 8289
1993517912 21885
1236398601 10571
530470543 8680
1635490858 21347
1028988917 19050
1090733862 8495
1864575835 4943
1106100103 9622
1513110838 23233
2125016143 18007
1262240105 15205
657488016 14022
1642301525 7382
340368979 4984
1900607771 5243
1027885571 13795
2004445182 22537
247520147 8736
549501910 22159
594004644 6270
1457852617 17051
56446539 7323
879071356 17984
1139918926 4975
673878975 18165
1827830328 18413
902042680 9593
789955391 20575
1391914337 17697
1668583315 7964
400481007 14578
1966574940 20651
1230017283 7271
1514579243 15912
1875327097 21226
2093221980 11391
2030200994 4112
992056907 20324
1136747389 16111
270670871 699
315336684 13572
1414567630 7536
2114646007 5876
2004264162 22536
1183423845 15069
1638605193 2247
1102001234 13553
208986214 17371
1286734220 9089
1162438857 8396
190605244 8267
421356532 15049
1610835407 3739
976798449 15253
1453280312 6655
1524425712 8589
1757684178 18359
186635106 19432
1335188766 14031
726013972 2975
761684321 18815
917073029 18631
558188459 18350
1558136729 625
1985624724 13313
1941884420 18389
1465751967 16988
658714295 7938
1194191607 23376
808612634 18627
1133532401 23999
1399912525 24789
333415657 18487
888083136 1645
1010418712 1264
1712430615 2308
486698856 4108
1884909115 23003
1294189576 24715
1834578401 2
1823597648 5895
1395230865 1912
927488606 18072
1072867066 14587
1363622403 10966
1538746546 15103
134131541 21815
1236454298 24122
413683854 19184
985189644 17460
1811105364 24442
1107091613 9767
880553068 13615
76527046 18157
813142432 2847
818596105 9796
1882213809 22441
71560788 19551
133549136 8141
1399650641 18061
191806660 7162
103119512 18013
629617298 8975
322672694 465
397607370 7130
173423845 466
775148180 14211
1839447235 17172
68101678 9745
962029628 22189
1479023267 3741
306703292 4603
722112849 12724
1728557032 3711
1930911414 18522
1185083859 4947
1962037724 11992
2062701778 1902
710610789 5808
919354268 1642
1913614840 15780
1718706743 24152
703304338 22891
297536157 968
1791238089 18950
1582392512 5035
438679791 17984
1622928050 8819
1205946402 24051
820845148 15752
371823334 16910
2045820497 2669
471175750 13581
1810005108 19371
898835928 16109
1424827522 9901
794872546 14127
450785214 3816
1021828123 1074
1078424877 8658
749228658 2836
505728846 13920
600009167 1541
1433925622 2350
1996158597 7711
759397329 15929
686597809 21723
2042003925 2384
1058776501 12891
1383922668 4626
1999085289 15481
322728293 19886
1029690363 24953
229862066 24055
1984595982 19624
941654987 22451
1268028577 10848
1893567462 17679
1127234781 10698
993185564 10729
1456718834 4985
490909454 8749
896363451 10774
1310825774 14425
19578878 2031
678437710 2100
712338380 14338
593583495 22820
436087755 24855
1349073258 1666
1070486927 1602
1600952108 13507
1740773570 9393
810555295 21499
1229397390 15821
505930402 6460
1696366268 22598
1565189302 9404
328177491 3110
2126303555 19932
1068408834 7160
271479019 7086
1223570276 8115
22975363 6568
976007643 5094
409174888 2617
1660795537 15886
1275855649 11244
2122900197 18679
2047828968 15533
172167949 22659
905772642 7932
1329609753 18074
1131690285 10445
2012831602 5801
732468293 19815
449990150 19297
539521645 24792
55519479 18468
1204010248 19061
2007005724 124
1521732015 14893
986211148 10796
336655049 10213
1545444967 9395
2072203032 15999
1774173284 6465
209940190 7328
1108489082 23269
1793952205 7399
777590574 19341
487799179 22212
883240864 13602
1247567324 22283
1112751555 23574
5050271 12312
739081047 13830
2016249008 3556
1193025052 16604
1913190361 20330
2029089151 8733
922659384 7720
2005384840 6723
438270066 12347
444553398 14972
1031042637 4145
1816836652 11958
1344096130 17831
1580133350 16181
408065271 19947
915757683 15802
709794187 1218
366503023 9946
1626926383 13851
2072943988 625
1886272001 15812
1315842320 13684
1726571806 16359
357516183 7630
1366733186 12035
1957182363 13501
1499216733 20485
567811506 19415
680763948 19470
821211055 4489
1127634327 18926
845399707 6780
2077299062 13654
92251370 21135
579438353 21173
853775156 9823
1495751972 8845
1402897516 9272
969358858 2136
305611201 3812
1931150851 20822
1079242215 12385
1725848178 20542
2078916703 21519
1546611547 18468
1425719878 19096
786898167 16342
873621177 10644
889233292 15985
176771014 20461
440493851 13566
1058312586 715
1414234977 20821
422494583 11225
1547113424 20914
302687900 16053
1750472031 24111
1509682227 6836
1968835419 10140
1868253345 17879
514009009 16043
1219012904 630
1707524174 23465
808128578 8669
740508348 19432
563439949 17013
602852490 17972
522383945 20490
671488782 15153
1767450905 11038
1361222241 2613
1243786610 19161
584733171 4318
1334118930 6331
1303052516 9008
322007397 8280
1641537329 1713
1259773875 12427
1414603810 13970
141338729 11398
540389156 6896
2128842970 8134
1418218289 13024
2108913584 21357
1766598085 20638
2039106956 16174
1590490837 4624
631008362 22404
1590082996 22565
1868098305 1995
597335346 1544
742878083 22478
1078387625 19233
1648539357 906
1590382520 2241
997311193 6220
1178838517 21037
1479866003 3266
235590208 3696
1999533790 9885
214584441 14137
472685729 19360
516622975 18982
1099393096 17662
95198797 2907
2009571666 22730
1204970494 19403
1137581534 10540
1077894134 10500
567267664 13870
150013359 3687
2012478691 24308
325028350 20307
1085206011 5345
1326072639 15960
951397756 2920
1319226187 2099
1298034669 388
2091514769 6780
812942737 21359
73587678 7615
1366085680 22109
877346233 15170
1820302751 2343
755058378 17816
292223106 17764
1262335964 8714
1546459638 2372
2124067261 20080
1054358003 19459
487574445 23625
1587782732 10280
2105219202 14119
1703779264 3630
338557554 3601
64136096 18080
61266209 6485
1754022714 19004
2111646465 20805
1292889666 18898
2052566344 5054
77228138 19476
1274786779 4552
2081161002 20345
963854293 21234
691087585 7430
1584541553 7512
1673497 9318
1495711979 20949
687905206 18039
289784411 3494
480169660 8749
1578460053 14684
1872689870 11456
1789313056 17471
1279138475 3328
535872875 10656
1198575227 12995
1866580624 7779
65943122 3682
287693841 1415
1293468653 24699
720784453 16745
1924275256 21941
1544265525 24281
1926706296 4596
1291163077 23801
715788469 23915
1194496391 7397
1658846877 24428
1311099325 2975
1695746826 20505
439778659 21881
1619089519 21914
1456918408 16650
183503575 9925
840987103 2973
1372991060 18802
1990850020 2965
80512530 19206
616326309 14761
561144635 16493
257692529 19320
1156935472 14056
577865084 12185
1951541060 6563
2045234573 5743
1619169358 22719
57860094 13916
2096477511 3199
676012126 16514
332096461 1571
1335725578 22957
1956025372 354
1758791640 19225
1034669619 3886
1012678565 11853
476506864 15465
761478700 7411
1197904233 5327
2123257267 12066
957011238 20260
1892616789 20869
103635802 6669
699141891 6765
596902381 5183
1273971809 3065
149790238 1437
1619024036 23499
383922750 12429
2024543558 3146
174408520 12888
1885844536 7240
1374229155 4637
1664792463 20947
1883393830 22420
386936799 24396
1489560856 11256
67856635 15998
62885755 11445
1908131314 23675
1089774957 10471
1825606919 19630
546976505 9176
292659995 18367
540772343 14130
1263946895 10485
1706698103 14667
1069765771 5324
456354543 20471
17478381 20870
1035581609 23632
554743666 16917
1085667096 6778
1885972687 17875
1765866795 7221
81960271 18581
138168023 16159
1141397193 9706
46744101 1995
196549918 12673
728225996 1856
751440102 7497
171053430 13391
1616827944 19888
1098545711 7165
263353409 9731
893785235 9210
371310373 2861
38308230 24263
279328535 5156
103898679 15478
1111029111 5587
1313952257 689
671380252 4865
959137501 1549
2081383266 13462
699231086 14367
173915346 9580
164826626 7058
486732923 15090
1571235839 23497
75611800 23116
2136414977 20034
202091155 14045
580894283 11127
594619749 23532
2034713025 15952
971139991 7639
1206364911 15376
1318240840 17414
1237341158 4967
1065029227 4980
1410825740 3037
765544151 20970
1783716890 18881
235512981 21947
1989964452 15053
227679742 13050
541370593 22326
177799717 7692
379545916 2406
1265741614 10818
981414878 1787
1214234505 12537
1983173109 23650
470996734 10113
1742700167 4462
1062283603 19264
738142786 3864
471222860 14981
1693547384 4954
926773399 24452
1368435940 5674
383408740 2464
972180186 5062
573705740 11996
1030906517 12962
1822658195 13173
1192472422 7187
1385064469 18674
1142530664 870
451375282 14507
778731617 5430
760401410 1340
2086783628 19812
1384323357 21722
954854924 9360
1685578307 4223
105643828 9935
1032944070 13081
94777263 5867
176770789 20883
226604264 11513
1540549634 12548
342868784 14626
2085452913 15961
37643022 24263
865096618 24352
495230988 16994
1780412837 2857
1656611672 13362
2034097547 14998
861064031 4701
1846577558 22189
1987603194 20116
1105384670 4088
424529107 10083
2010304487 3625
1815860933 6409
36780502 20396
557759061 11954
63339813 21568
1590231043 15397
1760455282 15010
775439435 6362
1756177517 21368
185017570 20529
994655424 3815
1369357772 14565
529753584 21173
239553453 12521
1781974824 10298
948700639 8822
561717100 22785
1748553340 20067
1487101494 10990
1260592249 13446
2001892615 1842
1009471572 7562
794630914 12237
651426929 24941
1601685997 15188
903523278 11865
1625145919 9501
2106725314 21400
2118622057 12558
1220083670 3514
1008230924 7087
1153762963 1687
1088585548 6647
545894564 97
528822769 8931
1621019151 8735
278447887 23526
766070599 13006
643768985 21362
789865657 20794
1510898733 17518
1933161438 18953
907626659 20340
1779849396 5207
301736831 1663
1899313085 15736
1587105242 6620
134526837 3430
1652622437 13238
158843441 7539
1162018395 24067
1046206369 15882
187251126 14466
671732406 12369
1736043887 23811
260900436 8905
994222381 4579
1501596621 952
1206817291 3362
525797357 22757
1216824343 12305
1969828654 16146
821650311 193
734257456 19947
260016264 1394
771932262 7495
1166809123 21536
990889712 18666
1101277721 194
992161856 18743
614466454 16316
755480439 7051
193035986 13644
795372739 2785
1530611681 23880
943343445 5259
1005221482 4177
386479175 11827
2023204160 10961
1100400891 23251
2047859167 20016
364453939 23770
782221536 1526
1559125136 13072
612978844 22278
1750563710 17642
1437138002 3595
257732956 8877
1983459688 9505
52551995 11797
880898820 11360
1674629738 11170
1377826853 4633
1645186764 20051
434010298 18314
119857199 9636
690069247 4877
1310178715 1643
343952959 5016
2045169618 3254
1150823182 16712
166413867 16973
738262204 300
2001735296 24206
459288299 10075
375695024 20671
1683835092 21438
1027314054 12916
412495444 13852
1216327763 22681
1022530905 10030
958349938 2111
255273139 19157
939164211 7152
453032980 17427
619448187 14914
1078154208 24194
2072615823 6490
1693679983 24656
27620096 19132
1445375576 12168
1075907961 10173
541265474 18499
576569359 9980
328819210 16377
929970013 5870
276000779 24925
1361697867 12779
188874991 7560
1954699853 4385
683763117 4407
1957819908 15700
2124196611 823
367603266 18200
1619840889 19302
1788337349 21584
730736405 172
2048207457 4610
934542789 2692
1741541187 4413
1984600443 7248
1407876177 11695
1933883923 23707
750317754 21393
679723813 8639
1895087658 6758
1385285810 6806
1275135794 10913
1584677334 8309
1030931681 24310
2089832714 10903
1209106875 17822
784886886 22297
1448453892 22807
1500638366 3443
796859176 6644
1956260427 15955
1477857933 17311
2132500918 9466
1073187721 23224
510945604 8258
245354685 16226
2035691250 15375
540863625 17533
1245004439 12847
2107656628 11917
1038866210 21936
1722671133 24775
1271944815 9082
2018596260 17183
2138817792 17689
1982480391 2980
258525739 21384
1407890684 24409
1113218453 15719
2126783068 2402
212931762 10387
1258149748 6089
1063255500 3562
823606214 24397
162767088 16663
966076391 24766
851351748 19553
399049504 23529
673333311 11428
309991322 7318
1566212278 11150
2025459779 8101
106046422 20498
921180265 24230
1335377642 7099
296447499 17630
1383484153 18053
820368853 24341
646371917 13064
2032583127 22324
1218748842 7600
1391850013 11753
891458896 2762
996424114 4503
1784174850 1982
39014051 24721
1760795737 7123
491440908 9963
408843229 21719
1019664655 20284
1903434182 10983
968722438 13743
1888932403 24813
719477011 12599
241782481 13796
1704516476 24955
601223305 3713
234447275 6097
2092267533 8067
1668952324 16511
854473122 22159
1776948434 279
1180225345 19610
1431773550 17940
1646056486 1686
563540916 18062
2039811395 20249
624545668 8274
2087818150 13050
1081329144 19777
1948373192 6345
902501613 15787
1001038601 2137
170584026 8086
1489331443 6440
1341348070 441
87362275 3
68190238 24502
1923029751 19832
1282999130 12640
1611020533 8159
535680987 8036
1202060836 8744
1666378420 3776
1029185305 13681
829314843 23314
1901193670 11858
1857163191 21288
130258829 22145
442812849 13888
1826260855 9887
1376354866 13113
1862725490 14266
1596065525 16332
1940132999 10144
2042953980 20638
1270043614 19042
29604444 14067
1717009888 13400
1437361339 9148
917566920 8848
100954338 5935
1186719014 14405
1317359358 5652
1235307168 6394
1742723179 22059
733895794 19934
1758279643 4098
495250254 23668
410807389 2916
87100815 7241
707724333 11107
777976976 3691
682260115 6267
1517695307 2680
430207324 23598
2043132085 18785
1373914047 13690
665930349 14725
1522837243 9619
100086589 23042
1713571994 24871
1206485828 496
208949855 8145
1208407070 6686
499303425 13649
863794257 13011
1754245549 2668
692656341 10541
1068923251 19999
1306849639 8623
540356192 6293
1494577502 18923
782493578 16037
1851396526 16283
68610307 19363
2107415859 10669
2147364553 9313
2020178490 12226
2097851877 13248
1069162625 9675
1965559882 7913
863990303 1850
670557357 23724
504631800 23309
51738089 22575
472739134 19018
437756200 23059
1803130741 17399
1664962716 19220
594852236 1407
1388445771 21056
1683268869 23304
65856944 16944
1964393371 22514
395106715 20993
1407886963 12959
1204326186 11589
137174407 1960
897992961 12859
179710762 18070
281012416 24961
642070008 7367
1528182086 2242
2138696345 15256
697407805 12594
1706490556 19288
1934011910 20506
1141790697 7603
2115029439 15863
1100914238 3597
120738480 5086
275492448 4473
1336166313 4664
268245930 15107
981037616 15498
1989696619 16363
1414997178 4298
518344308 5345
2044640581 6152
1419003255 359
1223587165 20958
1463552277 3992
588545215 20532
56269781 2756
1966852477 9463
188692448 1323
1585912790 3950
1957897978 12597
2009036410 11610
86381557 16561
752777240 19268
424625679 17162
1564679367 13895
2019980578 15850
2057182559 17133
530950360 4693
887160124 19176
759503487 18910
1743844627 17605
1859180717 1850
1291398314 24621
878332568 13123
823461758 24931
1965903673 22456
731587026 1089
2069874135 12985
237076761 13017
797618757 11928
359520248 14834
547838675 9216
155614491 21534
1578203459 8059
850544057 24339
1367290983 22493
163704960 28
1508995184 19760
1886939907 19952
1977061049 6630
1111049069 16064
1701566185 12653
266162409 23306
125109431 18762
139529587 2922
1027155414 13270
1263132091 18121
1596519052 2087
1535887084 4570
514826118 2868
1426770177 18826
1040383666 16226
370293713 3436
1704757962 21808
258114685 11674
711086333 15820
400144501 16237
256871608 22184
1711857438 10386
996747165 8602
537261292 15172
1090141300 1377
1619986376 13391
827828500 11613
730294587 14384
1134598160 18510
603485469 10403
1488872381 10079
582863625 1223
1130933819 7160
1422672138 4995
1702165933 19126
1268717701 14233
1442826557 21779
1179999539 14660
701326453 16286
1802931120 7125
623133621 6325
1757151044 22269
2099935344 14538
802468580 4243
1896667546 16995
1850896662 5359
495979685 1946
605741782 23392
1865743367 18494
1290161751 5287
2053809389 11055
104871399 18139
1107950387 12797
665387849 20889
703568845 14536
1807045562 10898
2139911866 7270
1527555276 11761
300400738 17590
662817950 2662
304942935 11319
558506068 7032
1316482402 4622
720210378 11177
155680925 19476
1910970859 10261
321470426 146
880014006 18237
1694405911 22041
1274509926 12546
1616404329 2521
1920381262 1897
1875374388 23008
1607840532 14714
1943133097 15297
1895032621 13269
320056125 4593
183848077 9760
157410923 8171
904417781 2808
231383551 5923
1685366107 20592
1072492650 4681
1524689803 17977
124884576 5296
900302242 24151
1326209132 2970
1579873293 22260
1314642223 9248
838543330 214
1820165864 8137
327559269 13135
461645055 3243
408559558 15840
1667623036 16241
1496275327 2338
684329557 7155
1983242000 14914
166305759 16763
1674976303 5963
995861970 8749
1474427022 16149
170530274 10522
1277368863 15842
1482602455 17909
318892039 4044
1860933206 20441
569460548 14590
2685376 18064
1024382447 23220
1501948248 20380
1348443067 6423
1055629283 427
826389467 19655
116928026 667
451277358 3086
656712127 1739
2060257555 22897
1813637048 16688
1095851317 2472
2052147578 10071
1677916174 13738
1354518545 24113
1257994045 13871
117080554 12252
1274699091 16669
420554693 15750
270729862 12445
1992983442 17352
1747820622 7879
1467813758 20376
583942390 13254
670029192 224
900995918 13290
1423062018 7428
1466291066 8227
1744968151 19512
1789618660 10914
994234069 4595
593992572 1691
1702688943 3726
920990479 2426
2102081336 17885
500292924 24968
881159239 19146
1880373509 11956
1014083579 22585
472288218 6620
870668519 11346
1667031237 22297
1628596615 4016
695833913 20251
501428592 3990
718813533 12238
1943133381 6216
1176922281 19423
1565473586 17262
1021718383 15241
464958266 8907
1837594241 19801
1890239583 288
141902968 3025
345736766 3710
245741653 7191
571175800 8590
1534750309 22779
2142766696 14098
632704573 23097
882379106 20250
1621924874 17555
203115620 16635
590021396 2481
1412600194 4841
1808236899 6491
62100039 19466
244098024 20396
1573671689 8648
943306940 22262
1743175261 12403
731788499 6289
911395290 1618
209792778 298
1715798996 9871
1033590994 16801
2065711611 3680
2033394243 22772
479875225 13498
822517806 6861
475148324 10410
523600296 2611
1304283049 12791
48514402 12772
436905237 18607
1327296594 17188
1415076653 3252
340515114 2576
144453078 13582
2033851976 8634
1400508252 19488
912269083 159
780639266 745
1040627433 5359
1345815148 16073
1564561642 15143
997408637 14254
84730578 20881
40339077 2499
1137390322 1316
569789047 6838
787345403 18783
1529644024 17748
236913419 5390
239620735 12135
1617775105 9321
179576037 12229
1861718095 4738
1711021163 9324
1674941441 12139
597122075 2625
1541759900 14715
44820587 528
2017624608 16263
1115775058 23245
109673084 7524
1449914820 20185
289741035 17880
1627767853 2563
190886599 293
837870566 7994
729840595 22962
2069288363 3295
1944061624 23493
1711216698 18099
1967673124 141
1056558142 18342
1601054996 24730
309971559 20055
672044718 12705
1153037932 22517
876953750 18192
757811263 11715
860307732 6335
1465773755 7131
191201560 19020
1149708537 2636
1974884891 7643
1398609092 11262
1175000847 20604
707476541 18015
628617651 2736
1870944462 16924
1081475703 7630
184083029 12327
1592564330 18391
612985356 12731
1622608102 23331
415480297 22878
1320475883 13734
715077378 7461
1464168085 3298
1727834492 20038
1621479517 19701
1454062016 2886
355560367 6708
946535319 20613
938883440 10366
142474623 22666
533163783 10198
1421987826 17425
2009287005 18224
513071838 3809
1068096179 11200
1194314440 98
209906562 2772
288620303 23455
1133799943 22038
224238627 17600
1374542222 12550
1558964018 20600
432095389 11659
1531407544 8421
1069189480 15997
657253026 12905
280444061 14467
1785407028 10696
349618648 9946
103903608 16716
2137639086 1234
445551754 3574
865918621 13533
1918468734 1491
1546710763 16134
404473936 4195
2055257805 12394
922182299 24626
1388895230 9591
1926231152 3063
1974184668 21990
1457486043 11054
2045607533 23639
1379543888 14553
528371956 13902
741729937 6895
1032480770 5487
484332814 21569
228203129 1333
2108526459 22263
681101424 1603
396187134 17661
1609410036 17705
1210780145 9099
1616564243 5638
828900093 4517
869160726 20357
1975439020 15127
2036519282 332
235952753 6685
391925956 6904
723410667 3733
1508195067 9960
1746947450 8304
1414253546 23664
528801934 11567
1881711473 5680
388273462 8536
303251864 17741
1451495247 3092
118297397 7981
2035490755 8328
7493949 15359
1374462063 4657
1416531496 16416
439985480 20262
941076904 1889
2038203037 11550
137273676 23365
740847402 3310
1937307833 21428
853410779 10406
1782489471 20807
1590262497 6873
1666098444 14397
625477924 20122
253663055 13159
90595208 7714
1476940617 23157
1606109394 24286
749573130 2930
2028884708 14472
2139637241 22566
661418886 18665
380192534 12477
400617973 2602
282147274 1735
1275500044 20997
204666672 3992
1394845527 17301
1401280322 8640
371862381 10784
1429311057 5915
52270419 7026
2130637364 18833
1594615896 20196
2063865417 9323
1528938531 3425
1552126884 11524
753876184 2120
907867711 807
1924499556 18528
1047372261 7425
979256225 9616
1958663547 15247
763306935 21662
678071145 11167
581619865 22204
1840381421 8272
1761952000 8353
1404966347 8396
1605950815 6802
1461751725 14507
1417313290 4206
1407673309 14211
1196031562 10893
1726083780 1242
1500690288 1112
1902163965 4037
689706559 9383
667080474 3624
633858057 20944
1966190124 21107
54305835 17028
1524727834 12185
271878028 14043
1464059366 8654
882196132 8826
1187727159 305
1611897170 19820
820729037 20139
316237590 1946
2126399589 20640
118580109 21013
1765412954 18853
1258683713 6171
1238409753 14712
1077407197 14952
1262511782 20141
1092487886 11671
1280095844 3492
1491134274 16046
1494316123 21358
2014947391 24487
919799107 24507
32982230 19354
267702863 10590
2090346378 21146
219212742 3813
1060747850 5109
1815335544 24510
754728315 9367
1072987034 728
1417978782 17244
843797918 15949
2128656385 12510
520343785 10087
2147073485 19942
1379832127 4760
817043346 8353
293443515 21039
1741020569 7921
859565453 24620
1420589223 11351
1514498497 21773
1053213062 18309
305802300 3013
510488203 13144
1255262215 12477
444214315 10575
80262719 735
1312929489 11818
1857636455 22595
1324123333 13019
98557768 8302
1404454279 19619
288265814 6542
1710722832 23501
1639101277 6271
1845522982 2799
1285855000 16856
1600476551 21922
996071731 22212
855227306 11651
1197181071 6866
1579786219 391
1862205724 1308
1497020836 24347
132552151 20220
1006472213 19109
1275150302 1500
2093426841 1402
504558098 8031
330583555 9789
1403039630 18124
1928829264 4497
210173749 21255
302596122 15180
363863014 8099
43557265 9633
1096521153 5389
2119736731 7631
619597766 11916
167593732 9037
1844600062 22474
2077869924 16881
1086501804 23210
205084739 19042
1041145052 18853
582812270 5136
220050638 822
60358607 21556
1070483730 11864
1479567421 16535
1092380687 13420
411135897 5593
1432103413 10256
1844934687 16914
1817742723 20712
1652444654 3190
1923523783 6594
1059543297 76
719820308 9421
1796081098 9512
1490486843 16084
2024184948 6424
56993897 20637
1355749571 5655
960298480 3595
902482709 13245
1207304498 13968
839793766 14905
741883987 3411
1066320542 21714
1383851746 1781
789919508 17706
520086067 4114
157917348 5188
1314836646 19312
1035433460 5515
1375681067 11363
1625427860 8811
1138117340 14336
758048846 10538
84102426 2674
338713956 19171
435892175 16254
799792192 16264
1461312884 19602
185634280 2768
1145423485 4203
72514588 24837
792993552 4980
679711653 15568
48524184 18328
954661944 9055
392963055 13791
2041380028 10737
616117108 13134
212386970 21747
731526346 7497
302127773 24785
452895614 1655
743372097 20444
909086629 22713
1404860312 7004
1047637341 11288
875890844 11626
208157248 18578
458125117 20199
799066372 19962
670393175 2816
1068472730 7143
691576839 22418
149076177 3988
223968345 15738
425923852 13901
1439042751 16823
1869446235 5055
1920949234 5753
2073732121 18739
1827777510 3563
1697467168 22058
1151344563 15979
879598075 18946
2016880586 21866
773326359 17932
919728383 22474
1270060759 17661
1900329478 15128
1943628244 2778
198761021 9102
913828843 8002
425148858 7298
1837734707 8998
1072184677 11715
1914585009 20831
889409425 7589
1596292806 6973
1498660028 14134
1088748281 19175
375058304 6782
758656902 22720
1139625107 277
374882624 21447
382731577 4452
1411915680 21089
1679018496 20085
514061999 17870
1728098435 19497
1876797848 13230
2103223766 15454
388927740 23384
378178202 3911
613501628 19726
842476734 19262
2035817514 7143
1454773895 14338
963367758 759
578255692 15289
1465523938 19494
1834935031 6562
596171836 10618
1646397114 6999
1837875693 15593
1667411606 1526
1689012391 13379
1757063343 11041
176714426 12008
155775391 5639
712861008 10779
779001476 3254
247757534 22044
1915188539 6334
706087272 12811
1127247973 18234
976048996 16121
1436238455 12535
215974191 23880
965536107 19149
303142642 24076
363797802 15115
1672357632 7447
1523987301 20035
801329954 7526
954257360 21034
351981446 24182
1730301234 14209
1471371039 6161
1839034845 5676
1446454033 11318
564193246 2507
514086333 9582
1431976663 17761
1389414893 4111
1440339451 2643
2110205056 10932
1774236578 24124
1766276242 17825
757614712 4317
867864617 9378
1991746872 23449
279225985 640
930902921 13520
37321610 10113
828719185 12779
1108497418 19024
516264067 9631
448630862 154
1366171988 24752
1088925928 14740
441871315 18882
55820564 19023
681416606 414
918482552 24803
468140299 13311
1367428700 17483
1003212919 14942
463370000 1330
777448429 21498
1353641808 24219
654809941 5076
2089546187 15572
595478032 11801
1198087605 17035
1140804135 20310
1102010033 14316
31312206 7056
1443921476 4845
1165732193 695
118429697 10114
283390789 9104
1998119735 5600
1958210690 18396
2028170239 16386
1255525853 8963
1931044910 1644
1971032601 2605
207238139 363
1566067419 23409
174780214 2174
613277918 23244
1245621351 11069
275768902 4431
333349084 19404
1348692450 17620
912133610 1859
1846548620 202
561985323 6564
1599352811 9096
2100707782 1033
1488058116 12150
246840808 4488
1496976524 21639
1260806215 21662
764757296 14683
75017697 10503
255214994 11443
954092820 3221
819942361 15096
1695298190 12294
2067360174 1018
748799959 23222
2145980518 11464
1495160595 22939
992830997 18555
1345130439 15034
1889605759 10965
880726773 939
1249662974 8020
750580903 16773
637046824 22368
1276028841 14473
722505840 23598
893068715 9736
210167517 23094
1660548670 9586
2122049430 23875
1938993483 13333
1358858836 2822
1342039235 2465
979644965 6361
1245930784 18991
363872703 6474
657675362 21589
2020328510 15444
685553097 16055
61478131 9771
1775593688 11797
2079007795 11823
1329609986 12101
603777980 9680
1916983682 24996
2001055474 4376
1204837101 638
2050647971 5457
500673685 7494
279044680 9400
856627436 19413
1266914826 1841
513229496 21280
1074214062 23955
2047740445 4491
1624752661 12429
2060174142 21783
1566950533 11832
1043087720 13235
960825562 19420
1806238452 3126
788725531 10863
422576962 16715
502879873 21364
1837205909 9379
734191999 18900
396296592 3269
1278198341 4741
190814592 2663
1779340266 24540
315941782 18561
2108160108 20763
812037385 13642
309393936 16796
613847876 14450
1296062501 6166
45343269 11758
1114759953 24613
1279300120 6598
613935338 21143
2061834152 14831
21007739 11474
1587775217 8997
1086187789 21130
2022234004 426
1293200599 16901
1488003900 20012
1872530528 22428
2078908938 4359
1179515986 8397
892194027 3416
1373229635 10468
99423293 17037
1767452201 12113
255991490 13158
71717217 7971
1610562230 10150
734124496 20725
201431053 13767
946364110 9075
1483014373 21153
2027015383 23439
623418745 5395
1722472886 459
1656661778 6999
116409214 9956
413326308 4848
726782545 7582
885215384 894
1370370112 20647
2109459201 8949
813617074 17417
1992231116 3214
370390921 17397
1355663259 8091
1278339930 536
1600869530 20962
1357582687 3996
934246841 8203
1857951932 24031
2101409927 4430
1976147806 10985
1379461786 19421
1656215579 10907
604764561 7086
924945102 22827
1410623662 21010
716723058 17932
1285072788 491
2123025077 9896
904895327 21503
1228894725 11915
153858074 959
1671942708 6591
698881154 6055
1373756575 17391
1411062838 2312
563568348 9417
1386463162 2233
551679148 20432
535854237 20633
1107268006 24635
1227741473 3969
1952537389 15225
870790797 5283
1648102996 15552
1235266427 22364
745534743 18517
1196679215 18925
1278155050 12580
1521363806 16588
776931494 23246
126119567 6672
1252508866 11911
551661392 8318
1359498319 17207
369904036 18919
1957407568 20758
2054167768 16362
1462512826 20395
1151948324 12165
1938764120 13057
1706578072 14335
1953818419 8643
1826552602 1011
1171890101 2112
648531498 2812
19152755 21891
1934976763 24011
1837031547 18264
681836148 12423
1747720730 8259
1360700224 6623
907441890 4044
1277775800 23225
1394223042 5045
1688301018 261
1949974599 21489
1246349387 6858
720615213 24700
111204844 1292
623343658 9466
2011575135 17153
2040573065 24249
245723245 2107
857744287 18721
620177359 1861
1346877127 9417
1022717353 3204
306927538 990
96834746 141
1592491054 7421
1173532353 24613
1324862339 22779
695764748 13634
1984569435 2211
1364954458 3074
1732287800 4782
1825681 17385
928512400 15176
23011677 8784
180986461 20470
1369162722 5906
1172174890 15500
1546512769 22056
657905394 20495
255905716 20982
1202488426 27
756757035 12854
686212768 10671
607639833 12421
1292156092 23517
170231137 7974
478549217 21376
1447899893 17642
1253334248 1195
1661823872 1733
967583583 18872
649162525 11535
830607948 1679
408115513 8691
1149325862 7547
595882922 24309
1790625771 16030
50712770 6844
1946461237 23722
1550591075 9182
721922284 2973
6556937 3148
1296908699 8768
719646795 21742
1273120805 19476
725177347 24549
1345264476 21550
1315078512 8857
1759241092 4480
418588811 15321
885715259 21722
2064804594 6015
220478681 23515
1574687941 13486
1502845364 20936
464107001 14230
410277146 8292
412218586 19740
230593032 12208
256301723 312
1392006151 19245
1514305330 23950
1287698546 775
1197029571 395
1012957802 3873
760269068 7902
1223792570 24298
1771270440 1015
626522802 2130
272410881 20299
733620818 14142
158276558 858
1984632141 7760
217414510 16764
105998219 5812
435271263 20875
39913530 2247
1337032485 6096
57114839 24186
219587585 12125
692723389 1206
1451560960 6086
977367354 19650
363427030 5274
851103190 11642
657430003 7510
352277589 12776
1936032479 12773
217393974 6560
1319433516 9534
1247500869 3301
279686469 18442
419594823 3313
42886873 4000
203166848 3504
760273718 24585
1263495788 8266
1423407143 9363
562962185 878
1748680414 22668
1256016183 16551
1912755401 1208
1694449572 23283
343708587 8964
1161063144 15050
1606943101 4381
1858142967 23819
606219785 4890
956134758 6552
1350665546 22176
107240542 9028
666333695 12651
2105692297 16406
291096153 10211
1417511297 16533
1550127581 20872
1067228291 10238
657472914 4739
1486989256 19670
1251071264 3688
1142371815 7175
123268814 19767
1320876181 20168
431041308 21104
215861667 17866
995173868 15076
146291755 18939
122443486 19098
178539283 4768
1615401457 12274
60556842 22446
291896085 1140
2082873116 15676
1666001652 24771
1284645640 14358
1127177157 4300
2131356909 988
1034791563 19741
303339671 8416
1484813384 7704
273453872 3273
398853987 2710
1761122784 18511
1021122013 24960
615941995 8894
2089589080 3730
251884467 1335
1260612501 16191
517400067 542
870176340 3702
1567991852 17905
615909773 5181
637901130 6553
1813555707 8920
1794308703 17243
723951231 13673
1431850565 9963
2084960211 11643
1837282091 4161
209739549 3919
1276856983 7260
1743595761 24550
1888143333 12849
770390010 17817
1159228312 14503
1212883156 3787
548210717 16734
597302266 24227
1107493005 6020
436907723 23043
158281080 10995
612992502 3239
808866194 17079
268440659 16872
423200382 18443
1521317409 14280
662461135 1939
1852893792 18316
2121122194 13645
1340016838 23498
2111651417 18636
1322193719 24646
1776779542 20078
1122367908 1165
1281470676 22157
572971948 2083
2106622173 8480
1818701576 17630
1574569266 2251
506337044 3315
540108557 16752
1628178003 24705
1785749634 17296
1197610158 9765
1981201013 2561
788316994 5109
776576123 23311
1210860776 3294
43323058 115
658431528 5663
855906811 19494
1774867334 10983
682029574 20999
439495160 20800
1627257539 5461
643654495 12560
942575158 4375
1198248911 16276
1809180177 11478
1785548968 3177
456681451 11968
912090885 5504
1299407644 15445
253705598 11153
1652810410 23008
1593462352 8092
995783629 2850
1693868552 10144
1969299540 24293
896916534 20000
519767497 6768
243836476 3136
1636177404 16095
621131305 9345
1785393421 13978
732746316 19686
1922429747 22889
60181246 15078
1348268208 19302
638122913 16345
446440581 12626
1039088067 7369
280554099 24592
650100787 20493
381774625 7643
1930490264 23432
77519530 18134
1713836723 23436
1761414490 273
295520574 24442
21233024 4579
1077076493 11208
782700109 14176
1666091744 18976
83950166 713
1124646273 586
984334397 15829
1019962013 6023
29211643 21254
392253569 3441
1708132365 15247
1984009407 15138
908223105 23449
41366090 4287
1326086494 11663
1236999959 7545
1709932002 2120
866186437 13879
1224407960 17346
1038301755 16037
131663656 7799
910692649 24883
962342853 17246
2101546273 5341
962135734 24840
627176497 4495
1041981776 21440
819818924 18304
226625559 23732
1906371275 8729
1473810986 24745
1326226477 620
1531862478 24954
2136525561 19703
2144971264 2393
201008386 11824
863951584 20544
160765587 33
504228492 23024
856435399 3485
551781337 14970
1452881459 15490
501629904 20248
266849192 10656
571470704 9532
804497418 2116
367260580 3970
651548896 24578
741281302 19333
1473171970 11799
1302452665 17787
1388186411 13125
414638760 177
1221158959 3947
1768747779 20913
2065753839 2074
1786262948 17516
501126788 7817
1085896162 6036
1406659314 17595
228276607 11082
1300717292 13257
385433057 24060
1605954491 11797
25561341 19889
1914377737 14893
104954098 17062
71099819 2674
361648109 14293
50642751 24586
94275619 17637
253960214 7356
1688225790 23209
1616546543 20254
66534799 10906
1428967024 4595
148432061 23075
1161493036 21455
799994558 9461
165869211 10788
1598613669 14359
912344838 7796
1555136652 19403
519681520 1454
1686034148 24265
2008821893 18733
1821049831 8652
896423893 12600
360422659 23527
1565819247 12342
2044914250 2413
644326454 8025
1976612652 294
458576723 3661
1126331317 15780
697116027 8679
2039119547 20609
731856224 13866
1671032319 19895
1641445692 20833
1105541051 20361
1917487826 16856
133527263 6770
923809468 163
615431290 21191
464090832 15659
787804504 16079
1722925498 827
377561681 10918
1847436214 4114
1723555945 24659
7580932 21551
318961081 4719
97524182 17898
1531132236 3713
1916198465 5954
429580257 18740
55079384 9696
496551311 20484
1728452535 20967
458949022 19604
1229214373 4281
1433501497 6929
115919977 8506
1605848642 21357
508948051 13030
570919791 8352
1974997663 21198
401362438 10789
515523168 18760
1568247356 11234
1961850731 24556
1264722567 9980
162554725 24978
60606980 18811
1973717233 11861
886942282 19124
2026532937 17218
1920333788 8720
893783123 12619
951960163 23786
2125845694 14912
1152857099 10788
1497133469 23352
353304941 4945
1549988593 15493
1647878241 3861
1753734670 12285
547042287 4453
1291813259 23932
671937949 22614
1994453703 9979
2062235785 21417
133100553 4751
1017513506 21604
1034271416 428
943154218 14347
2104482685 23042
1764055407 5082
1299231444 3320
21030821 22021
1757240417 3883
1956563130 2867
1456848365 13194
1028460134 16598
1413749743 8119
1823904147 23125
1356237845 20696
504763003 17599
675411290 21463
983191651 3295
1027890878 9131
549528828 12586
383012282 10117
529662803 12445
27289252 17493
571409722 23478
50481048 13344
2144634757 18241
155153368 20531
35036553 7259
536780276 18871
1171631821 23251
1744338699 17230
1134581587 17818
644049324 2465
1627787119 18211
495330472 10871
433799117 20444
342632155 314
210707771 9260
904748018 13613
1528511508 751
1991214072 562
1753166625 14288
1063843130 10605
1142251231 14865
620317430 23887
49280559 15653
1743532257 14554
1190899718 19823
1341394759 8702
171043635 4816
1587606724 21849
1229900141 5894
301919922 17300
668872594 15405
1608732310 16669
895150351 2053
198890853 4502
1860613758 12417
1339669952 20717
1844386237 14055
1892328119 19733
1315159792 10833
1132982789 20798
502425873 23766
420058408 13043
218008739 9643
804514256 24515
1558863870 9455
1420824818 15969
1171422195 19491
214919047 14803
592131370 13823
258591851 17358
1164606362 16703
26169757 20823
1501667304 18040
1532050009 22393
1956911170 7464
580964344 3542
1544957101 9901
1908843775 13181
1017850684 10497
1960026790 88
1964005460 1918
120256711 11803
236144345 16572
6107144 4910
1634630686 17581
1467184206 10781
717763597 22782
1957119594 5436
498196237 21210
1693059348 20452
1880375487 4044
1262999895 5513
1225653807 23458
1546697187 799
405991626 19048
1633412670 18181
1891695304 11745
1021533757 22354
211304567 6092
504317666 17445
1586316951 6460
1749486745 13901
531089604 9027
1978450841 6154
715192008 20311
1383333327 3807
1424864412 7559
1679088943 11452
698621724 8889
18247168 14199
976746135 829
856396544 3218
610494907 7829
357413563 1430
2103793222 12517
1964332283 2425
201218235 1087
1725159615 8477
1377644084 2195
1908482190 1249
1793956056 8196
1437790341 9070
169017232 5574
1736117857 20921
1467633740 8319
2134963160 1655
1684334302 10437
927162461 9552
1107848797 19270
235388221 6269
1995659623 4077
1473754197 2545
927303935 16195
1814881647 12835
990207844 7142
1687848374 4652
285445673 16892
510715732 11958
399123989 3500
2139368318 5776
621821943 10905
1699957210 18550
1860229804 5146
1033341568 20580
1754014067 24214
1707701110 20092
1014031618 17545
2010589721 3268
810507369 18146
1898932144 4649
1604500194 16290
1281437814 5666
707889208 5849
2033265037 15844
1902902270 17892
580025868 10558
834608311 635
1315163474 23681
1132444215 19474
609056348 5355
1909839100 359
1915413271 22594
268808557 21127
75668483 2639
1276850176 8977
1996912699 3273
1131744027 14331
839521998 20813
1277218421 9877
1794522551 2386
1093294440 9012
1512147032 21641
298759109 11500
502465385 10129
1155837163 10308
446374222 20324
2139983253 10983
728256037 17637
1980460864 370
1390234851 11213
689783244 10270
627618283 10108
1458528733 1941
1999918877 22043
2114888600 4420
1216681081 20404
690310261 6601
147784305 17424
2115163104 12784
1236537884 21467
1699585806 7986
995927216 15359
453310154 7862
1342996552 16288
2066149748 14632
1334835721 8516
280206963 21822
1279676691 21275
1042508492 16291
1641984180 14090
1575707953 18367
632667575 10703
1672497893 11597
792183631 3104
1398033495 349
1474518187 6190
95650514 22789
1871402391 17691
1264837742 10451
1405601327 22501
895958462 539
168421660 12778
1950293131 8268
451369488 17747
577581761 9398
1888302156 16898
720336312 12417
1958515586 8629
1699571640 15385
1828102898 17468
1514264593 2633
1773712586 22763
2140788434 10172
1630745857 19118
885705171 6223
1296808888 3515
154975220 17149
1788523974 872
1859308229 18907
778465557 5493
1975644718 23676
1804240738 15579
536019647 19067
1019029385 3145
687778695 14342
1732589206 11491
166087492 23993
65612414 19510
1546296969 19270
398454144 19236
2094695322 18412
1386752352 2195
1219845073 10335
642514585 23673
1004666771 5263
1784227084 16784
1445675231 20496
1021609952 6829
1873556344 12728
103235963 13275
1930359653 12977
807451837 7598
1429045960 1744
1008720189 13556
1919719827 4115
1694001730 7916
1667213633 4278
1972864848 4279
1834355604 18
171202441 414
846009442 20135
1743368099 6411
1134959010 15368
1257025448 12713
322397242 3128
1428861625 24081
239596393 11380
1020322951 10987
128650178 21138
1845999799 14036
2059488976 23869
1637041231 17287
1681366774 17130
797027448 12936
1074491666 22553
633752549 23236
2094642290 7012
1446504286 2200
68112212 1333
418545891 4654
665415317 9360
1508184814 24261
2082774507 19653
2140588402 24697
1377974050 23774
1363097434 18395
1156056220 2783
81559140 21368
940794560 24504
2085477769 24833
419244304 9667
188441636 20522
461255303 10324
1041392420 4742
179359801 12702
648267099 22792
869876512 24285
1112830954 17503
643036157 12221
1283937194 20198
98448424 19647
1426187614 10883
718193147 838
946658025 12254
266308607 7308
1609095387 14907
510793369 19986
100026994 18452
415178330 23137
1793199229 20174
12832208 3743
1762985466 11535
347546999 3656
1552904612 20048
1982677449 2597
2101675654 1848
17246542 24057
584518799 372
17680344 5633
577818565 19280
510802761 7609
541440934 5555
293225626 7113
993467128 5994
1453307218 7746
250487798 14375
1057777542 5642
1711076297 12569
676171673 4749
1555093345 3231
2063536084 21756
793347241 6666
109134242 19819
1642590845 8737
1508849395 13687
1267359623 17796
330125284 17994
601073423 9693
1961245935 19454
1835959392 8030
1836456560 11913
1833802633 13203
1618088067 15500
1631962716 6789
1354257158 4819
518831122 21427
603236368 7809
386098169 10485
2059307828 13309
1425858199 13840
1820442645 23849
1083277397 961
1987866877 20666
1857277100 3945
1465338891 11743
81912315 12316
1857061054 11171
734875163 23103
57737023 16758
503939641 15596
230248707 22359
149184023 7557
2070305912 10327
1784268560 1859
628935259 18937
830466220 13990
1485905143 10488
1244774887 7913
308574673 24317
712884312 8241
2021086966 24683
824785273 15433
1928237543 9355
1908099708 3481
1623046832 14455
47497862 18136
694239437 21464
583363191 4618
907363447 9296
255689817 9120
548567142 19841
1018616341 5977
1501594275 20460
712338247 13336
842015426 22724
1092310634 20229
48726989 6267
744297020 10457
689902124 24885
700122113 12748
1782449646 15107
1173301246 6712
1844737376 18230
2129553794 4107
2078010527 2223
1823887025 23921
468355826 1168
1128249473 6862
1361052553 9277
2066907037 14719
1113872206 6811
1221731678 22369
1424941381 14791
55944823 4926
661863032 13354
1902867134 16535
632459314 15037
1834751093 11536
706073939 8579
649959408 383
326931928 24988
804880022 14408
319945825 21668
863693786 11469
549105612 5754
886769713 20569
1094629611 20107
23231941 3575
1302534493 23092
2050423605 4262
1980067777 23950
1964170435 24257
1354147036 15279
566738032 7036
1031256311 21512
238520510 19332
1421963100 15149
1904174888 17162
849316496 3632
1792356577 22538
1274376498 4324
1383233603 15823
1396689756 23345
241869243 14586
376295775 8032
280258438 746
1549727573 21485
1578652378 7379
858847792 9320
1778527664 22736
1922240179 7712
581459984 649
238989689 10511
127410355 993
734247424 2359
1229923773 7998
1015587953 13992
167446086 6171
66766509 18299
311904416 3750
775628155 6483
29848455 12463
3191613 23013
388909671 22579
1915587855 9616
592858495 9604
505539822 5170
2147008494 15447
1577987081 23404
586676891 3529
1304330906 4188
898611725 17066
1759512686 18821
1447993705 13734
1935512139 24552
1333526292 19790
243324155 7209
312526704 23892
1945990913 1724
462906258 21798
1465707314 24714
2104309683 23377
1646062475 15750
813690281 11462
1203250186 14365
307506961 10378
1369861567 5394
1711611403 15498
664262649 11166
195004512 172
2128209337 24467
1921667055 12385
1170918690 3854
685508899 1969
665660485 14736
1090303845 22320
1928880956 14384
112391168 7989
1765508939 24223
831367144 5456
920297101 4913
413919639 9751
1099006845 21419
610832309 24866
641308399 3934
1649843602 16779
1542934437 1157
1739760479 10683
2109481279 15363
1663413365 9454
471659394 3513
1245942559 22024
1267684028 9361
1253672769 20611
168416748 6899
945322642 13446
1523171002 15946
263759465 4099
1740978273 10597
624514788 10048
1045506839 5502
229219884 16055
398844989 14735
1770864256 6593
1146703908 23599
888963388 10562
1796206179 10751
1002263412 11695
1836842259 8255
1957541652 15351
1350271103 17576
562236609 4407
1679690605 1004
605372799 3009
269386512 24218
91442868 3361
1221984461 2492
945167976 22205
879215254 22588
381641072 12594
1714241438 20346
932989738 9028
636817371 903
374549791 21700
1291094847 3167
741105757 8543
1681632470 22215
1443370945 16514
1337533152 226
756060505 10409
2125462340 3392
1848608231 2194
1163563581 7832
1742668526 7514
2052140308 1501
2130127959 15774
627669391 19332
559967254 24733
1052125419 5816
1195212359 1934
1973897517 19900
728117862 6218
39331827 5821
102286790 18604
933649678 340
619506470 23570
1632967814 3165
1561230562 13906
1645362452 5130
1512150952 13521
282909700 5493
1817257221 13458
307012384 19996
2024014178 5331
534250170 354
2047788229 14992
1636974109 21842
581805984 12072
741499684 1512
125589994 17037
632348521 2087
445140174 4543
2004309512 24604
263994109 21841
285078675 8218
510169433 5688
50352064 18092
377818375 17767
1131749454 15075
740752165 12278
1829201675 4428
829734900 17894
1246891526 4375
1962678888 21381
172611162 3209
865845935 8549
739920486 15194
1502596728 17198
639436902 13610
555252314 20126
1837293350 1474
957231128 13558
1743695181 6701
1009445328 17156
1581737750 19678
50930769 23701
249418993 18780
372665150 512
1651580319 11024
127077259 18838
2065891 10645
1702896693 18638
512190002 8078
652599767 8055
1189359143 5215
637202680 4957
1253939227 263
93376207 1483
1845244401 4994
787027632 10443
1057339391 16217
1152819192 7745
1551860795 23481
248030681 19334
744116164 1358
1282812406 21807
1353225436 20506
288073790 8030
1521113696 8760
2092471773 20833
427026349 9619
5386543 19860
184768346 360
102666320 6219
1417397885 17602
1194038866 1967
1934971696 22972
1103587613 8923
1530139044 558
419212244 1017
1427255876 4176
330701542 729
1329150163 18970
8984353 8357
1019249116 10347
2127962970 13365
1468732073 2209
2054346184 9451
1897420385 6127
1922319383 21139
1264774395 20877
1382070371 8571
186905928 2517
806274777 13523
6662134 5170
17024733 20022
534459353 6928
1259932913 3442
766427164 23427
752505599 23658
1399110133 16769
1540930768 4132
600759133 12432
64985350 4633
1463410845 13417
708307312 24575
785778961 19685
1233515610 14525
1649241484 11134
933925497 20131
304901196 22657
54923944 16651
1955892564 2738
1150257459 18621
1898385185 15461
505397564 17131
212841007 5869
1774595004 22600
400984941 16115
130756413 5326
122789404 13847
412355832 17654
1262631371 10400
931989615 21399
829765752 21119
1686048254 8089
1497771936 12197
1750595783 10672
1680378693 12201
2008000813 4767
1474810530 11374
152033677 23951
1999564074 24223
349871871 13101
1847696978 9183
390634489 4455
755715357 23369
2090235589 7021
635951414 6938
509560870 17195
826510259 8467
2117140334 19124
1825361585 19566
1536078252 6684
446953305 11921
1060841298 795
2108895400 9700
1747708359 16042
489517829 942
227368837 8622
2115861744 10332
1922722403 15859
1893613441 16799
1175721061 7034
1511722719 13918
121833693 13802
549184076 4277
443826901 11659
1410086046 4009
1048342674 21432
2147387963 19150
1257914632 22540
886178455 24548
1359181656 11841
24063282 7163
1540299721 18258
2124034916 12815
1347000170 9061
658872566 23018
1640693427 585
310956314 16160
1168808201 4429
1510518447 15159
142361902 21914
2098651460 24527
991544603 3021
708608831 20910
1818140152 7720
1668875459 11615
381224876 10950
112419743 5307
1569833473 11651
166382121 8059
359601539 22827
2121637354 12464
2139122924 7415
2055055881 15022
130922151 310
1388894073 1897
1181869633 15959
1561634082 1603
1271823725 19956
1911527681 14537
1521017490 6005
1851416167 22296
403789914 3771
2057515256 19073
1205812822 9009
214285698 7537
986727545 16428
20427460 1259
684578001 2576
1558346637 20622
233972130 23127
1379527517 3531
506200699 22338
907844403 23677
681105626 19018
955745632 2292
655092974 6692
2067926889 6384
2123039403 24031
1148255321 19375
1241751616 15450
1244988075 3637
844410190 11004
1369925707 7113
25348683 10530
1949849955 1861
1677240870 5542
1859644631 5406
332169853 20690
1898295389 16206
695794285 6592
171975399 17864
1213846893 12539
1827913362 4978
1260894242 7723
2082263462 11333
1468659633 1873
804983934 24936
1713532855 16246
360453045 817
1513637561 23589
105247831 10739
1330797913 9475
2033252404 19564
815717461 908
2023120780 7756
1882976430 2406
52418029 6783
922407775 14253
1935369462 742
28712680 5285
54567643 517
1181711978 21476
781606775 12983
1226378465 12408
1826149124 17341
1027214836 3994
1092648499 18602
1217565514 5502
491031157 7411
1436197664 1592
1435687258 9061
628574501 273
1824396051 1764
1640425295 15004
2025097142 24270
2114756220 21277
344869072 14247
1155243203 8607
776462850 13386
939050541 15622
449894852 13807
1193453455 19500
535649105 5355
1166954314 12590
47817281 3652
1012160016 16860
1575799875 3560
337226630 2834
1911411982 536
2015917278 13445
946850632 16903
1156566216 9703
132496992 24341
503855396 22460
1573822388 20244
1395217446 24325
1059380766 9175
982409586 3185
848169638 13945
1464565437 16668
1143384231 24200
1333171392 22292
619069977 733
1558466035 182
224339465 16265
780955107 10693
829186751 327
412482637 2592
1470578929 10422
1638092008 2157
163488500 9583
1816036616 19455
463749407 8397
465443652 3558
1774275269 18495
2035745655 4766
693132601 20630
1764069380 2383
1831430469 2727
1437960827 9774
840987284 11868
1724260248 15731
1732000091 12944
1474318626 13094
1423691022 24400
159455906 21562
938810797 20482
1269208273 10122
1029246948 19145
1949718105 5353
1163924590 24622
591363189 2217
1160336108 18398
386123449 5162
920324221 9002
130286516 5872
759771100 21048
184608989 22594
848656900 12456
1350556489 21245
698447232 11360
1440840687 18701
