1003349863 17564
873882286 16413
1567995904 6252
1106469145 24730
498021895 8405
941521083 23695
52912047 2413
144071837 23834
160288405 10714
1699454650 21824
1300881814 6562
2142310957 23190
679465512 7728
1103498626 8259
2019399217 19724
1943075478 2823
126311226 17257
1565195838 8103
1904371069 18813
1385412424 17903
662273711 3235
129492238 15061
1738026703 20538
744336404 22959
1820217523 21013
387123111 24781
1110750924 5043
606177473 16663
607316722 14000
760569382 23823
549346483 16649
1314657024 6788
164532924 3328
1265758234 18686
1874526263 20606
271446311 2570
828468519 8691
937132380 10534
1334307777 13690
1693958299 22524
311121896 4555
1816294417 15512
298239888 21696
408536999 4252
1719456208 19257
229903153 20626
473306272 17279
658196824 19110
981580780 14087
10937695 6087
1945067108 16981
1783828145 24239
1033984788 9943
1426781955 21472
1696366542 3885
479222361 18648
231478293 18899
348970935 16675
513590094 2245
390995383 5034
1996166807 20582
105366971 8428
1804216323 12108
1701483664 13023
1546580823 18965
169844523 6672
1273979432 24011
1057618218 3442
407971765 10656
1392221678 21418
1735389898 1689
1841579070 12969
802466478 19530
170667761 20117
329520874 6062
1371900207 17202
1739800992 18465
155073605 20955
946939841 7599
332053858 9627
1305087322 24891
407091174 16121
812650698 14645
2114175632 6833
1580077948 12455
1130078777 18659
726712113 19461
1152651301 24952
1430412179 943
1893889545 22225
908269895 457
949442514 10059
175983701 3291
1806285827 13553
954349412 10567
1408275831 1949
2105337232 5591
1311800933 11114
1763458403 18744
120504435 6268
1727544779 231
1678331783 24932
1562641894 18395
868400181 18128
535261813 691
1258920445 7036
547842577 11289
1978010659 1739
771560983 10875
339326043 21165
659121344 16431
990342640 1319
1748409670 15017
259502300 20367
825410797 22093
111634403 1071
1673139894 15885
2033315082 12664
1218203501 10293
1263926597 10919
891184607 7638
243489933 12161
110413382 8099
1030586786 22799
521752623 2176
1086708044 7545
203618636 7428
578203279 8321
1455903136 3537
955474515 375
133360841 6352
21059867 2022
1018192604 15140
1439926915 21429
881578574 18820
608892163 5058
897811062 11806
90507166 19237
1120807894 22818
1854813238 497
2139208336 13545
862881172 23704
369688849 7396
769763119 14545
630708562 10933
31419614 23721
420905254 19671
337148119 20511
302679470 1131
1676444957 14333
910077880 420
689521191 12965
152117670 4436
1072887700 19064
232627549 19875
912024795 478
793755536 9781
1321628017 2179
1857624187 2527
81065592 6457
176591763 16353
1962296120 19295
83125500 9630
503392025 12367
1745043396 23507
1224936171 361
539233540 8125
97465903 2080
506649106 13693
1620021234 13757
1935572483 20153
1056453294 4165
54925544 22518
1167532322 20443
536407858 24108
569392902 7445
635812694 4642
1996529760 8791
894209926 6831
1447368039 4562
54655234 13852
26593537 23953
1274180965 16317
368116843 5391
920562886 24609
1300794236 2855
1602942789 15559
406255143 12880
537693240 17819
1081904668 24897
1167147861 9101
1645612378 11419
716327077 13787
945858853 211
1301213400 23257
2000778375 17261
1213317471 19353
47245907 15516
1813651345 16481
2101230696 6674
102351460 10317
1306243643 20002
1963053212 22567
1584499834 6222
359399877 224
2065137051 15429
714236860 10058
2144626800 11840
1455967404 23958
1175758864 22835
760224356 9204
1771263897 5470
1314380807 18354
1100970142 5754
366880187 21463
856374603 4483
77603471 15943
729767819 6558
410560524 20752
660764763 4214
1225472057 22009
1592069844 14674
314466593 18505
1073627574 8711
860106259 22671
946370512 7395
347807365 1303
89694290 11071
1121431957 7541
1315440390 17906
88601329 16479
666895482 14318
523238780 18732
1996146625 1145
847591434 15429
1144182315 17322
1371220689 6717
409248612 20383
472914168 1167
1958559852 17532
1050244153 20048
1035288501 15393
948138851 19789
2003466256 17213
1212946918 12259
1627937280 16749
702166784 13317
455812218 6465
1980018085 12694
337147714 5085
1854475328 16075
2046477551 4042
585984129 21574
1495470108 15311
1302480623 3353
2121170933 15010
881684084 14692
163157910 15962
487900873 5611
1677844973 7983
741094969 9001
309798136 6633
1622154846 24370
1672764899 12284
2122998973 516
307618568 4530
196053581 5407
1013862571 22285
1982193534 22786
32955123 12927
1513374568 2537
587777418 2183
1982537069 17661
1472875939 11655
817136349 24959
1576067252 2464
432006357 24423
1724795917 1169
826589774 18023
1119433682 940
1807946401 7569
1211905504 6124
530704586 11303
1255801163 3935
964063984 18124
491996608 23785
645180747 1809
2107286733 21352
938641568 2509
122257370 22915
1225875323 16625
966428281 14063
2013239636 20363
811787645 20109
553238661 58
391118953 10132
458200971 7327
1307874902 4650
1944357989 10810
498633981 13787
602562982 5217
1782982771 11416
332037428 14360
1635056165 20854
208925554 19548
194991528 15675
1260831923 20875
250748677 19319
369892596 8153
9987851 15192
2046521859 1212
8030499 10430
500281389 17190
1228626948 12427
1908763004 20168
2037649446 2886
426979356 20052
1650800534 14741
174557257 2590
1655742111 15843
218323429 3157
1791430451 24713
1782258297 10839
120985837 21745
1354207729 15682
279822149 23189
254814201 11907
785487403 8004
1155595095 1348
1026156916 22534
1859136299 20736
259061450 12386
1132522569 897
1798000682 9015
110826261 24303
69607287 949
1205033389 11041
1477687618 17950
455958460 24026
1025170839 4810
1122564288 23657
1427928341 21314
1005059115 13795
92407059 5778
2040053230 5218
1916995811 24421
511104605 12246
539773440 4993
163037982 1868
688305443 7009
117965596 21683
2078503576 1163
1760316380 23226
1373821049 23168
1518007741 20101
362830410 10804
1900779354 15318
408529161 12740
2019132476 16906
992815090 2449
134343054 7951
171389219 8165
2007064855 12864
497512674 15645
90754456 8707
26984752 8365
755673619 24659
1905656393 24828
1262117257 18332
1050010282 17615
1381289817 20324
259235319 17142
688927137 19429
1429051854 2210
2009786470 15541
1421562481 11413
119555491 10831
1612230733 7343
1793790246 24236
1925772000 23813
565240635 16760
1673394190 23659
869095081 7318
974732043 21659
1212024915 4250
1289913886 15154
2100624049 3798
1427389589 23512
1418066905 18976
615005364 624
511793745 15409
424097202 4232
2046099802 494
271706232 7796
1369520494 3788
606169974 19534
1696749300 1033
607484024 6965
21096055 10745
1335847315 17182
16337292 24632
629168427 5286
282729492 24834
70505473 19275
1373058448 15959
37184064 19648
823147559 6384
1339857196 19508
1642876353 2517
1243504446 18658
1681962989 9761
1088309641 21803
990596647 13775
556188468 17153
2142999281 7348
1417259063 17118
1206878813 19350
496227540 11321
33594790 4482
1755537274 644
1391758263 14669
59295484 9813
1121738535 2859
851921724 15201
471648155 18776
1595417676 1116
171101218 30
305652617 12707
2049843729 20539
920783616 2726
56535202 12130
2019370888 10389
1303607151 13487
386753378 14969
1183881585 18705
408324268 5930
180524045 10734
1232447257 13847
513582440 24775
1707226406 19955
1138985686 13089
1742789523 18146
1755293378 2472
2078596719 14848
1662509303 12381
1433837260 16222
1078287673 1654
1422256890 11834
181207138 10523
508404041 24182
1227421526 20644
1866192155 632
1497172838 1479
1803474096 7280
1530090293 2259
1206862091 10177
526862684 4711
108734312 19810
1372667707 9700
221346491 9852
1482573036 741
133272127 20667
1464513859 21810
930505100 10907
1454182006 9100
1554991281 15586
982127908 14309
765010702 23422
1057227031 13143
1075844073 2085
540300620 18375
1575037939 13057
1583288081 15606
222300392 21205
998017266 6661
208795732 9660
247440036 14798
157250664 18773
1206512942 13806
758034276 24516
1953267627 24937
1530986721 18870
577980137 7694
1486013619 10026
1539786043 10845
440078543 617
60645265 22277
1644242247 11448
6296244 4442
479763115 7265
905145616 1694
974463225 12307
1141196689 688
1530911688 10247
1955270809 129
2086205319 2366
200682346 11206
499776815 7523
1676591889 472
2125445881 17162
1176512283 7577
1720530375 14547
1932085015 14475
515567490 19216
1983401755 5493
493841606 498
1225161795 10591
1205468794 13605
1532701336 21416
266521521 18705
33489786 6403
1169153578 6892
274111300 14069
970163676 18446
1008521808 17456
1736483354 668
1826933283 5263
2125828050 21289
1826169642 571
634584675 6376
481742603 16305
660194914 10599
1194221787 5562
278520999 3557
2048989892 1898
1537416935 19527
1535970978 7285
313844598 10554
1024827683 13870
2050968830 20577
820427841 5193
1645666836 18406
1118405746 7458
214743051 23139
739178551 6116
1350552607 1638
1228036385 15810
1364735748 15369
825093120 10398
869136421 13783
1196659734 23099
366056174 18373
1768630721 10850
2131359455 18944
534139883 5720
1651107839 15248
2139625012 5396
1574658560 174
536510825 13303
665281008 16562
1143286523 8308
1618295796 24252
786607274 11140
1512597487 7327
966042856 20186
478183887 9968
1316370552 271
1546402911 1593
1884382892 2569
714682791 22421
660180949 19732
47093329 13928
1917017733 12116
1083258494 24815
923273322 18598
1229401462 11739
2019881225 5138
1884887534 24389
1662930986 8718
585292892 11762
1069933850 13396
774074670 838
1485253645 10203
1066269041 21796
854013933 13184
944689626 19767
1449113739 7263
216698026 9218
592974316 19686
773176831 22941
744996381 21971
2066556830 243
60442034 11169
1142056555 8860
1851056435 13654
455020481 9683
1824511925 5508
1385461522 24843
2099967485 3478
1974762175 2226
711013394 7194
834975974 23627
982174824 10754
901098264 6862
971058289 7051
1835278609 3165
481836408 7308
1411894899 21805
1234516061 24681
197217591 23623
2122071490 2626
297401954 13198
1399340334 24259
395034402 9211
1812418795 2933
667045481 20901
1034272225 24215
177501357 23239
1666832518 23048
1217816778 15145
1660617799 10250
1229320215 19603
21813328 1040
1064243375 7726
503518869 7512
2083969133 24285
1727039712 20479
1127627401 3644
1475537007 24310
59539696 23236
2002429674 2080
21904129 4503
1145792068 6437
487175645 10284
80592920 19033
559907825 7574
1334777166 12865
1807817055 18158
367652552 14180
715737251 17590
1808544740 12317
196205072 11164
1288188165 1169
178514208 12805
418947815 3327
287269030 12233
52355238 22484
16919604 20282
1969059797 7208
1584914654 17062
1813441653 2047
105994728 8509
2126718608 1142
1072540915 4457
1909125420 24815
445839930 21734
387501698 8649
382493856 7423
1326161904 19315
252055413 7672
57017894 22356
1476307996 18624
1024410417 13288
935942139 13746
795552701 4719
1392084771 21614
1014403476 9782
587941697 23468
1637973308 1369
64368715 6200
875725619 16414
263305299 5017
1574920789 20383
743911340 24754
580340563 24404
1981211328 7308
955478534 5354
695438979 19525
2080274629 24182
1056682470 3143
1523040596 5199
1156874778 22615
500676683 491
1020286189 11451
875771742 4762
1074048251 19424
652663425 8026
33324497 6142
1503593673 15628
366448743 3489
1174250579 4910
1688324909 14247
494227748 21970
529164255 19863
674289220 13202
1714404972 13224
1429390267 2041
645803649 10706
2123647645 14548
1319636751 7644
307265243 20759
264280801 7497
241333490 18735
1809710179 5425
552844133 11577
352618613 13208
1321000326 22978
1342890161 22365
671152888 12072
229146909 2632
979019470 14365
392996195 23393
70865892 14242
877243011 13228
972528077 2113
462134675 16226
983104989 10181
1708486860 4473
1588183506 10469
1310498153 3205
490665098 15606
1923890385 17128
1572453493 20975
1154280166 4212
398592284 598
429026056 3854
1306486352 9169
2085468684 8582
117941355 17602
816874895 10697
929075217 11649
1110447016 1228
1511354218 13995
374132525 13109
2013370026 18354
1750213829 1990
1264349568 8398
1888547218 7172
450323258 228
1525644892 7615
1534016417 8082
1800636877 22079
152872207 12317
1126246652 24010
1552361383 7976
514109825 7535
1074467995 9922
2034328079 18751
1049229409 8128
154247067 24186
1606492169 8733
1633869375 22164
2138144722 17025
12683118 3009
1475834841 6349
1693120280 23283
735171119 2713
2093556718 15078
204028087 11127
2123275712 12291
428574881 3801
821605314 6572
1705272975 7944
597666989 16782
379140189 18451
1869538421 7532
877400763 15965
1031242714 20985
934211496 13882
1603870827 8211
1350591645 14497
822156383 8497
1563837438 4539
228748285 7446
2033628264 1539
1867093967 23772
1122627561 7219
1541251198 7698
1578293796 2757
434215257 20929
1655531780 24503
1518682996 23079
649100164 3969
986212543 13330
890113531 6323
1558803425 5701
1221051698 6852
1858381529 17103
1512869537 11285
1200987169 18049
931521572 6271
162825719 9377
694849766 19706
739314127 19077
941316343 17055
1803621466 2401
1197256338 4036
1852350156 21639
1196542648 9399
746366123 13691
2114508175 3470
187308833 4636
1661110455 7197
1957101752 2617
1605130227 509
457754929 16226
926431433 21025
285251706 6778
1900776956 5683
1083670740 15975
676230137 13158
1224313167 14682
1232576603 7951
981573080 1281
838966459 10532
1596995088 250
1214500371 15584
1904659341 4327
699987132 251
1218717714 8741
2091824478 10989
1214058345 11863
1153569492 23974
138460608 16431
1537366796 19022
910728211 18867
395290396 4650
669590586 7839
98568428 12540
834526369 22247
1188055598 18709
157355142 14158
1438558748 2473
952486381 23860
1219264658 14014
1087350174 22627
56296396 7438
1906095161 3888
251202129 23919
1364035297 4390
1030054476 18035
413357927 4690
1577311996 17042
1324778873 2563
431465820 21344
449377558 23649
1089771066 2868
5444942 17520
2117341353 7397
1672359767 15924
1692267398 3150
1248076460 16884
613939345 10223
1674374979 8774
19801968 17279
878437636 2005
1354132504 1515
1337049200 24647
698582252 2017
834410087 21824
138466026 14775
554167174 13963
98976538 14124
1229123539 163
1036526603 23261
450417919 1616
1263935493 5197
1610126035 16141
1501877616 1906
2060170604 18269
110440320 21467
417427240 8237
142857799 16167
1030713437 3118
728714335 14462
1791772839 12408
2048307620 21414
68468412 9926
590946354 8381
422198741 4149
1980921392 1043
773409361 7211
1331975296 11060
753512226 10463
452934588 9154
36877728 14937
735054375 369
465760808 24190
113585005 23241
1658710854 22464
1941153101 1057
2048418400 22775
39355908 6426
1918455123 11111
843197516 24138
1995273159 9878
1751276963 7132
1060647954 8521
868675385 18331
309687046 7262
31470827 4710
1645748713 1918
935481122 7947
2082887386 18706
1902567536 23314
791563592 7590
297602037 12230
1907065479 14713
2063929604 18451
1669601703 16161
207896925 9029
120278601 23814
1577691267 23435
272373043 17343
705183559 24523
9528352 12219
280605779 3568
1523063539 18632
1187608886 2894
1148240802 194
1979939059 15783
756307914 17286
1985701091 15987
1627272883 31
1528741692 10330
1444515318 18739
2107831216 4955
1755748860 7387
1165922167 4084
353220463 8945
638914395 20099
1434577194 10341
49596603 3623
1736319299 7714
287259546 14350
1668971429 15992
684824091 2756
1423329874 14893
1488318372 18848
1392637952 2010
1939042361 17832
1005425380 20704
1025984199 8546
448202911 24307
1243379937 13340
1201063465 22204
982603884 12145
867075069 20075
341362658 13044
1585716126 6249
39861356 21425
1701967620 9903
145983754 19800
1906431426 4036
619620692 8814
1680036221 20463
1200485242 15842
966873926 24919
1787321465 316
304239404 5714
2143829721 11968
914928823 16694
663078299 16803
1034069598 15079
176665876 4654
2017724614 12489
480287409 9584
1127175295 24687
716668859 16606
239433695 15279
1133072101 6198
1548442605 24542
2040723008 6830
1581359795 934
64539087 6997
1429247135 24249
1014690773 18518
930077028 6948
1124744923 11356
526046318 22421
932984393 4756
226743576 21141
1516722689 15028
2052522159 13119
1067864059 22200
1872574913 19834
739276549 12408
975665298 10606
117343023 2833
1916838068 18303
1583257994 20988
1629168183 4239
116480046 3708
959876416 22313
1373264104 3140
86243938 5402
2087138422 24705
1975407702 6120
326487715 3484
1557654532 14083
2085493561 22926
1574767527 24066
2005306601 18055
944220995 13216
1415866488 19657
418949269 3668
859716909 13273
82780163 14352
735963299 11546
546857120 8585
1970286675 18368
1442664822 5908
1737911240 22209
2049244861 16133
1488712888 22440
202982926 16414
1927347599 15023
1413872579 20078
1712043699 18380
2035661760 14640
364896418 3664
962752373 14006
1122071843 12588
461007137 6340
23651136 17903
1167589409 19911
1605559315 23253
292171570 14097
1780184848 22512
298896584 11946
130277564 12669
766005867 1991
947763255 21768
403710335 23775
1681800533 23995
1583112241 24685
765428279 17182
682677837 14703
1518982368 13157
65541014 6328
1100098078 22380
1786885201 23290
472257707 1143
1224150701 20257
368616123 20353
1879487098 23427
1736432159 17217
1684462793 23067
1107300054 7254
1383805699 12899
755327101 4790
1679743390 5342
1989955584 6309
1334204380 22957
470595510 11079
838570456 9015
1219680309 22933
531614224 11419
99061543 5925
1584291077 16251
3677843 12109
1499932580 14319
1991000588 23016
517221922 24227
1051714928 9237
1054660092 11687
1208123084 13828
42848019 3740
1858512162 2552
2088071774 8835
429537223 16810
1945859820 478
1923083826 22514
1365684867 10370
1259755013 19740
428813212 12595
566567450 7185
906656063 13118
1003123025 12133
463217359 3821
1752519519 14993
1419801271 13875
990741699 2615
543654479 17023
715984340 7942
709517916 5540
399779666 10508
247950919 9575
1451804925 17867
1139844728 17415
650950585 2977
1166375993 12633
1540250183 21571
285066049 20281
1665487784 17933
793862369 20338
682007861 3427
2004874059 18500
1252958271 17463
284078587 4549
22477115 720
362531443 3088
2103724659 22335
1739204173 22634
1442710756 22491
414638804 18520
183179979 20016
387468921 16847
1840842091 2787
2041134339 10362
2139867783 21054
802516629 3808
63018995 21088
1418848239 11667
1975968087 4867
1133367028 14851
1986754348 20370
375852572 10271
491516758 10150
1878231603 23997
1416857162 24672
2066849005 21574
687648722 7538
717159979 1910
1257129150 12683
854735552 723
1683356297 15708
1733766968 22069
189262654 16229
1543697795 19915
320181719 2626
528148137 10825
1667873407 23271
1364139209 4014
271465435 20669
1412885951 13662
151647741 14693
703608489 12077
494075594 15175
1419386069 17686
392274995 434
286433042 224
587338420 17862
1646063469 11208
580540199 17144
1287945313 13478
945017378 19254
915264103 10952
622121088 19538
1986934398 12129
1647416409 15446
1719965049 19781
2146154429 22966
336164385 749
1209057964 19757
994435535 8467
230026919 19199
399402088 5987
1209133595 18446
1933349577 10233
1938297338 5366
893965106 15054
2070056697 17170
1137575428 20135
743959254 15513
1672938818 9595
1800549560 6287
321960254 14481
1489075263 10494
1436905404 7744
1584690861 8300
2134876633 7524
887032364 24907
793738347 19806
78243752 13080
371879246 9806
905457698 18087
1254882583 9299
1641628611 247
1432401471 13468
564026384 3895
611674199 19127
1546022606 21306
1315517085 4530
206232930 21013
218180703 11912
1293366618 24579
1234982157 5124
1123667542 11796
1811667771 22028
166134042 3706
1008789267 6955
1942316262 14102
1851918225 9597
151528584 24
1152514397 21748
136057789 18303
1730882261 1258
152447815 2523
1902027481 17807
1964541305 9327
775167101 6633
981212451 8982
1560801312 14293
386582658 18566
893165887 9319
1908167267 1517
1543546975 10550
1906637605 8862
888555024 6604
30620268 1900
505728439 24994
1573475182 13153
640701160 19375
662133873 17606
1947911399 958
1029481034 1767
854046249 5204
1953032392 16126
1520996476 9832
1923722606 2986
1179525366 16651
678766803 19001
10242184 24889
68559439 22466
1697900596 24945
566467148 19492
1586977309 14099
1639066856 19792
62947309 9146
946813777 8745
186520558 18052
1508478054 14897
1436049649 21965
2105805864 20217
568813334 15343
2019006515 21074
894538871 21967
345862616 8565
1420543959 9508
1912627238 1000
1793896431 5921
1200603492 9376
185755839 1501
851293982 17340
630865205 12954
1024819455 15835
803646775 7063
63657937 2288
864283820 15653
151759566 15419
2012965668 4172
167146744 7626
1262494466 3109
1827025911 2401
301912954 98
1604689680 23
1969737055 19
2046005168 12855
232215200 9516
1333550955 6378
1816528311 19432
1176296727 2558
2080922775 1785
1744623749 401
764922766 715
1206180199 12586
874684244 9506
1274864950 15191
481576483 72
1128636442 11534
1901022292 1483
138393202 11636
1888882523 16363
602462151 2655
170775891 20069
527991605 19499
1505979711 6180
1293215695 24404
1324351800 7339
1717169995 9828
593665207 243
1159980535 19614
446114963 1213
964373981 23629
404135041 2589
583653580 10336
1621896751 20065
138278533 2183
814437089 6126
944561872 23426
1642422723 24386
1009415564 5064
515261386 1902
530736935 1237
939410576 14342
634792968 1788
1734490132 20450
798873954 17076
1433088869 4471
468852865 23775
1308035317 9275
2138935748 19688
1414725794 10699
423990965 1673
723595664 20844
1791018012 14872
360047243 7235
2001166036 9537
731656959 23474
816001585 12496
401140428 2830
1462261840 19221
1235857764 7881
114717430 9816
831178961 11111
1617858774 13635
420603112 20364
2029583817 22374
1638296404 24193
1497120432 20819
1687497568 20547
559786409 10351
898863071 13942
479850486 23610
963259750 540
1636768244 5984
1898309011 1358
1026876483 22408
1021562718 18262
499421006 14340
885655105 5294
413213388 231
1152076025 12722
364161678 10617
534634794 4211
673498962 22198
1159744675 15999
1900303705 12176
526633683 9008
1168528814 24350
345761578 5931
1608944597 17218
768891508 24193
194358556 321
1123755464 24939
751169087 19461
128900452 12619
1667820866 10570
1165430447 12903
322187834 20408
1591968611 23397
694628 8275
1690262295 13986
2082713210 21596
2079040924 16659
309736753 4128
2015996916 9285
864366400 1498
161124898 9772
1615233490 20987
1556053358 23749
644410455 9420
454431120 5319
349902465 20854
1252942831 5734
1345770339 17041
895052472 18023
2635734 10749
1710991768 24907
411291485 6062
1479865468 17489
192572845 11343
723466767 21506
856892879 13626
1363320482 6965
2055476499 3322
22780136 22164
1753992562 19589
1264935130 21804
1824663204 6825
726733509 13057
53076542 7346
1982676627 5314
1480292858 18290
587444150 8199
205817093 1689
67741090 20547
59043208 8127
950981204 17514
1490191202 5183
175371949 17461
1343898140 22778
794260852 13837
537671600 2986
1459019834 4497
1620801606 191
1271954971 3218
1621156719 1700
1254198697 13408
2062174418 1973
1855113624 4465
748054859 15583
1485223558 12394
358249890 22583
653545362 13265
1511108080 19900
2062937122 11564
1198255984 18284
1845581719 16505
188919181 9240
1065769961 15915
42691660 12912
701635630 3091
1257083633 8895
1600187919 20737
1373295575 13507
1915586358 24372
513835119 8270
302160226 3413
557666885 4996
2116349448 11945
1431753103 11660
1106547970 4622
1125518852 10850
941048908 13936
1112000891 15444
1602245547 4089
97510779 18276
1881247511 6123
1509046019 7581
412872333 20479
377464679 9441
1230662036 15913
1191372867 13348
1297626473 4465
1940388014 13762
7936206 4575
2089573164 7704
67942841 14845
208339303 4858
1858231514 8930
1885562629 11815
208039613 23942
1081231095 3888
1857743315 3302
1823871503 5692
1805795075 8453
1244392173 2022
521651840 15585
1695698991 21605
2088810841 23589
677553073 923
2004418498 675
564674611 4509
84973422 13832
300476018 14105
2022302834 10820
897792534 19911
520567773 18933
1577101712 19274
1071816522 394
1447473968 10142
1399777592 13612
1497585602 13251
1877228745 20376
2027965986 22127
1038261444 6875
1755714770 20644
2076217206 5374
931816399 8147
1950248787 4014
1327344701 14053
5054369 20722
2121523051 7792
948766189 326
759077979 9068
1826814842 23565
1259221887 7599
862497184 4038
838127390 19223
451792212 8403
1465659364 24938
1139671118 5615
695132732 4056
1486911356 23822
128069453 5284
1882807474 13468
761864318 10661
530427255 11057
1536914046 4706
2039271389 15806
1767167519 2806
1143247502 13222
1422733401 2832
181111366 3569
347003748 23788
1189638224 17059
1728576005 3910
380353039 6246
380551149 314
1915536747 24570
505985251 20221
844988275 2890
1743732531 21120
1286642178 7237
679014556 11753
1024605115 8254
1216425282 11772
1810796128 21211
270065508 8786
1905120001 1325
1569640715 2596
317970392 12181
156453865 7706
2071979651 9639
1939241893 2638
1358364731 17542
1929172398 8941
926810209 20857
1475089487 8927
1843323482 16611
1844694773 3673
1134418110 7810
705225861 9828
824165570 8572
2052778717 23289
477558222 19366
17328746 22622
1685510274 4375
1855849118 9994
1762272437 7107
1202252403 3144
728008966 21452
216210858 8563
1140104232 23001
144855693 1349
985873054 15032
1612089700 5911
1296077971 17838
257935725 22525
861425552 14627
1128000486 10752
777895360 20227
770274753 2614
499039635 1281
481964882 16457
267184044 12281
103503299 10660
240080169 14562
1459640940 13868
2146104934 19115
769574208 12528
1500254269 17743
1167498249 22585
608442184 1390
283888619 13447
2042650622 4578
760157340 749
1728893208 9456
889343656 9068
2020869160 1886
42613385 19903
1648168803 16471
638472943 3805
1466132709 13870
1618137437 9269
352407850 4688
1094888269 15817
2058665111 13483
200775551 5714
1363134201 21711
1733067608 11656
62508427 10120
1661260908 22332
1247555570 13027
496970735 19532
1374710544 12927
583935057 14972
251660708 12830
693679105 1249
1014146172 12547
1237504285 7049
2073903559 1011
875363154 20194
960993320 1679
277151416 3635
1170976616 11572
382798528 21730
231170266 20780
1554698706 20765
549735201 21144
1891482460 18391
70244018 19457
1088106435 1499
2107341060 17387
679024544 13799
1448929378 15536
1243249191 2731
802044578 10430
1992072718 20767
1561976447 14926
1079764398 24459
1898970964 21994
1909201655 14885
1059040631 6812
1569099422 7756
38217653 18130
1548386508 19224
1570000199 22767
1142951574 4289
30025110 13335
1472503070 15160
805578754 7022
965781802 21052
1546316823 16429
796736599 4657
1700101812 113
1223078774 18414
356423020 22009
1928608742 19695
352019696 2142
1816860575 7037
651871406 18626
161065405 23169
500463984 24080
718126334 19200
817303465 2022
1057494868 1987
731015568 2936
605896958 5531
896442988 13053
572363727 104
652219051 15597
438903831 12249
381299565 15373
203963106 1252
1479516515 14197
446399802 16760
179395581 7289
1568128373 17392
816450270 1813
485134558 2713
988034621 19495
1756805195 186
42606339 3869
309242290 8336
2037062208 7239
1524493973 22220
253317319 9046
1402740100 53
2005496434 8624
1226624103 15301
1472026788 14291
199848161 6205
915851333 15480
311385954 24169
1101436018 14963
1182442572 18477
438724149 7192
728483344 5861
50515461 2111
77483809 4548
359272083 19008
1531953785 12976
989750508 5102
230677303 9481
85123324 763
691268892 6652
254709728 22707
842898155 3339
1989815384 12861
1349265863 5655
1326899624 6077
1550739826 7033
873098238 1322
1535926527 14537
1444616932 17152
1196350753 7382
103601878 13133
212268189 573
893726123 6715
46580330 13630
1099813770 12330
1546158245 21960
1377214014 4333
406011287 16706
270541230 4301
656278421 20109
278673461 1287
304015354 22112
1335490404 7847
532369722 11875
136894910 22858
1264046425 24102
2006032984 846
1304823603 9875
866172567 21881
226556867 11085
722818007 23219
1633055228 5318
968135010 1637
1072270382 14361
657099918 3124
7688860 21313
1712035804 852
568222330 17756
982896009 20528
1568041587 21550
1613498227 20467
1845596360 8509
1820094219 4376
1101298650 1137
1470625246 11275
810389823 8681
762352643 11718
2009374952 21563
1441071663 24241
1379417981 17108
358383672 9994
1956341124 14159
153422614 997
809938499 17392
264209837 8766
168656222 17820
1404094918 8920
2105509175 24673
1952539176 23834
1271011738 24965
666398875 21753
433094969 14461
2045149104 23269
562308599 18820
169337020 12757
1602367715 21181
308387370 22651
1744549633 21180
790105917 3415
1433741198 20112
50125612 24462
2090961403 11535
1300261422 18851
1387988067 11158
292511880 3308
1732544491 13342
373370574 5493
2006730572 9992
1303355416 10413
1504600905 12034
1666055833 22331
474009104 18632
1504568385 20230
2072062211 21796
1853556467 12540
1738307917 18610
1140553803 9363
1846435580 13595
24968160 21707
627835700 17022
191180699 12766
330384884 6792
979716408 13857
877814891 23034
520532860 9040
893614333 21219
52605026 4863
489002708 20702
102576559 6652
187175164 2464
808880668 22822
647096450 6178
229507477 23969
1367246042 18964
744381646 35
1782026638 3244
1304930061 1300
1387959230 1188
930396729 22735
1319185095 12110
205485914 9350
1966064203 15859
1644880077 5912
1655811920 1065
1379032781 1050
506844765 1062
3906591 17622
8793543 17143
1565787769 5316
2092715667 14645
959093180 18023
1311516265 5556
1337268518 13647
1886437140 18494
32174439 21510
228382728 14961
1963224040 4752
395850118 13350
1385361954 10760
1173281148 10709
2092319173 20560
97792175 5054
1296941879 9867
684128459 12067
982767537 2977
1754640761 22683
1733273250 21150
299402947 16233
497107905 13409
12078013 2321
2017686890 2546
199862982 8420
1115028170 2102
396241355 24861
659248213 1365
725419367 21108
1214292969 16459
674144960 3658
203081704 18383
2032396838 4579
1958140150 11530
362805327 21685
1576274028 18066
258162989 23077
910105308 9675
130701803 20177
740043901 8835
1241157715 11546
1586907702 23392
860384999 17100
1392721433 4838
1872722955 8736
1467484953 1027
2074961316 10896
1705280114 24822
1720044124 18318
1792728575 2431
1554396720 7666
1661793206 16021
1227910306 12728
2096937665 22243
1251989520 5738
552253620 18005
240492139 13193
2018256904 21965
1502109002 12632
1377967348 970
463638468 7739
1700722638 5600
1476289549 24122
595019417 18019
826113611 15822
1565588556 19932
1038307114 2850
1605132422 19270
515525572 5636
913325951 23377
1926154390 7353
46040624 6007
1117048701 19700
957873840 10140
250401860 20035
93976032 19569
9017020 3060
1600616014 3187
1685292151 15098
138057011 10710
1143963318 21804
1900076866 18269
22891633 9724
165280270 11345
871562331 23362
1694402887 24449
1831557806 720
1416819792 11010
1341974049 13754
1539152200 9583
1762117702 20716
118917553 23748
723310544 19221
1985912969 3646
1946136449 11772
952507935 8757
908499786 6434
1543528300 11980
395152485 2166
67684998 20411
1496853555 22659
1630184926 580
559050877 21326
2038858704 4648
978054446 11991
762358192 19043
747542373 24920
1494355548 18150
1510065081 19213
897065287 4111
1520973162 1546
581873478 20369
633203831 22432
1458185518 7367
2136817563 5086
1568372839 7210
475578909 14329
267651542 14020
998302415 22817
1300998555 5795
1031132619 19560
447058761 173
918236339 21301
1108631575 15710
1826674128 6602
1726871698 314
467302047 1574
608537614 180
1187523434 16926
1835233083 24303
1336414995 7147
1219735332 6475
1635344997 14387
2063019476 6520
1664084620 2389
869284697 13071
1610140975 22157
247428422 12055
455129569 3480
265058774 14113
320549517 21564
1825812978 14509
2087438341 9213
282221439 19617
360010712 2573
1036398001 4029
1869585027 11485
429977473 16273
1700023184 21783
1308520789 13589
664125390 10721
999971182 20624
835511353 22324
1785811612 13085
1581900842 21548
715540542 78
878938334 2757
1483882682 9082
937769994 14087
1297112106 19995
1884018097 16751
342018812 23929
1996691974 3874
1581080476 5647
775313437 6686
385575828 24422
1008799705 3754
1626948057 14301
700813387 1779
2003145336 14134
1479990986 1977
1775869047 2117
2118590889 23746
29561538 13250
112123740 905
2129472572 16016
836397540 5689
424705740 4136
63929611 4182
1046125518 5933
1144117529 17565
1867604031 8418
1238221110 5762
464446359 2916
395672311 13666
284150533 7305
352594419 6494
467532819 22554
413118834 19300
1579600128 6291
1753990994 10738
2115539070 19607
1135930200 16832
1148267714 5468
1807297388 17960
1129126033 13737
1455905157 12459
842051475 1537
1388712536 11737
2020664884 1992
1414773445 4874
2020244649 21712
864319377 12486
1696245684 7995
1647678349 5545
824799814 6754
380542590 20094
1789997658 4392
901194271 5298
929457125 24676
403023766 6041
1490123856 21182
2111102759 7680
890769997 6475
544440236 24151
543636586 15521
1796772394 7541
1776038546 5676
1199628288 16401
218546707 7462
82301400 5003
279899428 22266
509647848 4954
200774676 13541
182545571 9219
1883920280 20445
682011155 23890
1165491880 3797
1689558953 15867
300805171 24288
416206461 1643
849727857 24432
958731207 16815
180772471 21304
1575001310 14090
544672485 23177
817601431 15664
1709364022 4887
286464687 16417
1033542060 12097
318182140 7920
43435894 10069
303408362 12845
406338233 17677
417874456 21120
1949984154 5795
645416984 19505
1651324863 942
1971153442 4173
679402737 14961
1855657034 16156
1379823811 13331
1026610828 20781
974782000 1403
1713734513 20493
692274015 23774
1030880787 8158
1353343447 12882
170655186 10391
1872057625 17149
1589936071 10473
1175191999 14714
317190124 13829
1547110454 3780
260123075 1141
1979707414 17662
696037300 20362
1470042999 84
913908099 23530
2016837410 10945
287644372 9479
1093886820 18187
1060877428 19033
267201623 539
2067719206 23487
1057768969 23871
1116558758 16160
1956753484 588
249591157 13127
1942691147 3898
55038884 22938
2104839140 9017
815694262 17614
867081775 9224
1436896478 24208
1843882254 18315
996711173 24661
1045190133 1350
484589887 1719
1960493176 21835
1803152781 16800
1335203923 15616
1394285698 23266
1396934580 8234
1857425988 11996
895615245 22725
1055839241 4520
686184014 12355
965902757 23816
1173498494 4236
384141860 19470
1885116142 7718
1382107602 18462
1169020197 11022
1536202920 10338
1189211773 20351
152327775 21504
1343087013 18896
628234811 8591
1079908459 8903
2027839923 18024
103014802 24087
179910259 3974
599785779 16327
1648216951 4186
458620194 15051
1902468214 15966
184059815 4892
711012759 16783
669891168 17922
66238815 20801
932449958 18541
1508660260 7173
1533855315 3282
1711177900 14608
330327859 10818
2017096268 11422
1047424464 7738
480989009 7050
532655572 6408
1156541691 13337
302162436 17731
1252578027 19024
308235986 19486
554912038 4298
988113221 19353
1895306730 13118
1899469624 21226
1922468598 14714
61434680 18942
146532629 7263
622551464 23110
441861909 10776
429150396 3676
515583064 902
257600835 19921
1567542850 16573
688082106 16110
1184030008 24824
301806142 16584
1772082184 16891
347239753 20221
725244178 19907
1720285149 24153
516680270 7750
1088233341 2416
820157814 11318
541672114 7977
316762905 22951
1240061575 2509
660243675 5892
584622560 23933
1404681030 5533
1154586615 9775
1938405055 21113
766068077 3183
406261215 31
880047804 7046
1810849536 13575
398256832 10867
123705389 7012
1608859934 20695
494979943 19737
1689234188 3705
254053337 20741
906375592 21812
667508876 17485
1841512181 2731
1087593119 8842
474349027 19167
32813004 16913
133015113 9109
726633951 12413
846383287 21656
671598656 3240
1082761079 8092
899857354 16297
895088270 2579
1952434436 5771
549124915 15774
301850631 5099
1724260958 13537
2095042637 23285
209631886 19865
432187826 17349
720777522 19547
1421340268 24811
1897834504 16697
1715355221 15009
491116259 18136
809547691 8978
34743386 21939
309128725 5131
1496067307 23787
815644837 11375
424572140 11906
722353569 8815
1030800879 12611
1582921792 4663
503362721 14048
1648078395 7069
1566807955 19137
2109747957 6627
1181569245 15420
1064291188 6191
2019174623 2412
1726263197 3857
35501348 17979
1528370150 16148
1159592889 20102
1665277876 1778
1596758735 15666
1559073091 2675
576944906 21069
136471267 13883
72584708 10896
560440569 14458
1895269186 8919
1381910240 22560
319746489 12074
2096635782 24954
898278525 23097
1593407468 17855
2036826979 17341
1830930151 14556
617967885 13740
1289042921 9067
145269573 16597
114816509 193
345461867 16214
377824253 12489
585652733 9770
154794327 6429
791462670 8278
1046750337 1476
1781917118 1776
1085368980 9488
468671775 5230
171730367 1527
494753924 24954
714842107 618
1618878039 6869
400210831 13397
650921323 23924
1599204221 24633
745595979 15550
1557778882 21027
1043120737 23353
335472402 573
1908654925 9209
2108341086 10191
1572180203 583
436793807 11556
1749927551 16107
1699642894 20867
2028735697 13092
1148998972 4419
1911643797 4333
1656697905 16493
1071588664 16285
2141349259 4038
215573639 18842
1172367592 3977
2129293638 1177
1214600753 23827
1736902717 4732
230115699 8587
952683906 6031
122676402 22555
653816529 15980
2143062860 22098
332067285 14184
1069517756 5660
1418404677 21382
1556768015 9674
1916000794 15666
2016988822 8638
1057629692 2902
2015967392 5264
1459397590 3987
273844589 24403
1974526077 23328
1394147955 13821
1974445252 20888
289424070 13612
998614332 22284
903172643 16958
255518165 12552
418720896 12438
1737268266 12964
647209532 19820
970377056 8269
2099743697 18785
1784391813 311
1701129555 24147
1641602523 19144
2008309342 11096
1661503864 22944
1653941813 21103
358262304 18097
1312911677 15076
2122297862 611
624943879 10306
2064022957 1668
864993273 18859
1872963861 1802
1630795395 23560
1906921874 15420
78212816 15529
1388243595 5572
456647557 24438
166021181 10538
1694036227 4226
1148667225 2263
544198887 6497
2004578459 18092
1028521091 17996
1605927228 8046
1576136209 10947
1766635002 4132
2142021500 2757
1276832751 16749
246372533 2829
1527041391 15017
329456535 2075
729460021 11406
1327573558 7972
672911080 1309
1896136158 17778
963055701 10836
1961407230 16266
1826705682 10400
1219906571 18481
136549446 12336
1588216824 21171
73712411 15777
1584071375 733
1849633932 15451
1506543797 8091
766841806 272
493676680 4344
799142694 2119
1604924852 22402
2136669634 13711
1633582937 6953
1394153025 14426
85445541 614
1734671863 2053
1618079789 6257
121515724 15261
1353211887 12516
1416178191 18150
1112296519 11897
337505097 12168
721207140 11702
326530690 4411
1643905042 21896
1880291180 22126
1896612029 11828
1756421435 2298
296069950 17125
1502263590 24039
1618778096 2346
1209445271 24559
1110596844 13390
1104605277 3641
1361690203 6762
1911799059 3522
1181963422 6920
1147996020 19028
432886056 16528
1566110038 3963
80310171 24333
570164287 16401
1882978930 225
605166635 5977
374641816 17660
1381862362 1631
1495573125 9484
558311937 1693
200050775 20808
110114935 10116
1064104389 24795
1910825138 2265
2067486578 5668
1444108736 9731
1892835229 20722
1348081182 22911
800678275 4851
432256638 338
1189602693 20686
1785766677 12353
1519921879 13467
211247822 21836
1843491831 14260
2016893471 22260
1415302752 16196
268571512 4626
281077115 3724
715482230 9403
1425663459 4102
690179359 16925
1924683938 24771
652768190 1831
1221125251 17438
981955247 7363
148778159 2152
58097159 11172
1811962026 21982
245072051 23528
1358643007 15080
2086986927 24449
8893966 4023
1733758635 10821
63044560 2326
1053007253 1452
1247815239 13526
1438550296 5177
338356418 6103
1839731346 15163
1137433889 2046
2114331720 4480
1956311843 439
2044896258 8042
922612889 23497
924768804 11912
2114690511 4109
889666544 17090
604346343 5793
1980892939 14396
1615643378 16505
235482028 18467
285825681 13976
1104610940 7732
1048464848 9389
1136222460 9303
2138416015 1268
247341622 19532
266933483 1629
1434841894 17642
1062915187 10071
2136841686 9897
1274590804 18289
573940349 4117
82805661 24512
1802761190 5026
1014777697 4138
1356367798 11846
1095317839 8724
2061502737 21239
1441238407 23141
2136102269 5798
1194675087 8945
1556101425 12839
1329194453 7569
733457354 985
22199674 20639
2053901790 5506
1777535964 16487
1042049997 19698
805793392 16787
1852051274 21134
1193213478 8115
823975849 2685
54209475 16357
982128569 13905
828241409 23242
79733126 16650
1645835451 7079
1564256271 18396
1368029518 19084
1576940216 1652
2005653228 1834
564668385 18970
1102122388 23043
1305207169 22194
617292488 17617
1820549893 20581
389903147 15593
180445743 1112
1151089762 2851
1677977331 9060
1510441591 8998
1771695068 14967
1581996094 16811
970743483 5309
1728217792 23150
1979126641 4860
565483721 20692
1812391590 8208
148788216 24113
380407149 24236
576298245 24681
1425113739 887
2031454967 4113
1684000751 6222
1316683099 22606
2110855692 18653
1591042122 10431
2059665599 17352
772263569 16394
338478771 22254
617612911 20771
1792807756 6839
143854231 16970
1154591471 9235
1037417839 17391
1791597906 5365
1278173493 20304
381572794 16493
288146635 1646
803532686 15521
108535780 23421
581375362 21582
2004459140 16527
1835549769 21237
1105826511 3654
1628448721 19913
1610567703 24451
831296008 24387
556014234 10780
1800534656 8691
1124163435 14268
1196265524 23706
1349389770 5177
687932978 1263
1732410225 11414
1127633223 7662
478335095 19980
60300028 14340
1796403350 483
1747113039 3977
829214984 195
2140553433 11075
6644269 17128
1021774100 4780
302810755 24331
678727837 6063
132715236 6588
2050837630 19605
1492748297 21544
1543169634 2746
563314671 18467
1976050430 24782
198645511 14300
1570174544 3804
492455205 20401
1053320790 15667
527448554 12112
253002955 5654
722636224 14384
570399178 8029
1765666511 7356
748671785 14605
137176672 22794
1451748061 7010
1795727230 12774
42602723 4649
2016475968 24343
1198238060 16970
774917082 16896
458361797 13540
1112270440 21777
904681942 12064
1040705236 24900
1375818052 2238
319442545 3109
1101885236 139
328089978 13700
1392219905 542
1697648241 8541
481848412 12014
1985052718 7329
1035620384 13455
1165790396 15987
1319145548 3124
1330037668 6162
1865606397 9322
911411211 22265
1748036680 20872
986075584 5687
183336332 13357
1787603732 6478
929663588 8621
1559116293 14461
1959625265 21600
438478929 19022
249191434 19473
1278139034 11966
410270242 9833
2037227305 9230
259797441 9411
30983240 23172
1554416335 11811
2063959938 3066
1098678556 18553
1679260929 7157
999612844 10290
1945739797 18063
994919972 6419
1730740487 11827
1591548760 1800
2018826044 14965
1095423491 16465
2132535505 9602
260778323 8477
1652700183 9600
1054950406 19081
1727407528 5196
1475400411 13075
874921811 21316
1776590365 13293
748255352 14617
1125897721 16671
1936844392 22442
760373237 21996
585113006 23481
1158827276 6422
187639843 14800
1987913627 18807
1855069584 207
1887731554 21091
601496457 21974
1492035786 24147
274319719 4560
875993988 5324
1984411036 9954
798583923 12659
645695840 4127
973917922 19913
1271063133 4558
1885936743 8357
716598339 23520
1396572941 20347
716115874 4545
1825379633 14288
864158203 3085
885300406 22544
76268498 6402
250589672 11555
1630093053 9816
1415250549 18344
688317302 7606
1772715318 5197
921939209 16925
1991767686 24067
1848184679 8593
270657216 4667
1985096321 3484
677333592 5802
265866585 11231
2127826251 22061
354704250 9997
278709226 24997
1400807160 9772
648991652 7602
584211024 21607
236569291 7980
1226362489 14501
710779763 20525
2073511011 437
809041772 11679
1039633538 251
1184065611 14159
335068644 4285
1561604578 18503
637424723 20318
1664177779 17466
1250191815 1956
432486606 4457
680195737 5838
845477695 946
1226982377 10834
48781549 8052
845731831 6169
1971875370 4895
195026658 23753
1677765494 8146
1365428697 17342
1849058503 11406
1376942897 7016
1392021476 9866
195835765 22808
1005254131 24152
646309694 3824
619929030 18854
1524815355 21507
1303577541 14249
337461942 20888
1100375281 12460
1359111875 12364
2057954534 22154
1786168622 12503
83911225 13171
714430971 15811
1753633454 14120
634681504 22981
1560922965 15325
730331551 12383
180071751 12717
619509631 15125
1834209387 22222
84084064 19954
1577012259 23161
2053713526 12618
1449389215 19897
278457746 20884
954362531 4963
1554992283 6911
983461037 9248
745941740 16539
292135586 23463
423346068 2390
1722355119 16677
1855912807 17089
362808206 1075
1689711625 22241
404076731 18006
1925573840 21924
1783477876 19450
251609941 19836
2006969034 15124
1691100896 23894
737121837 6983
1602249002 16324
1489684430 13310
1806786884 6907
1730447655 17039
872061839 824
32807291 15181
923093278 23752
238962957 16144
353416367 6009
1527270048 18782
508111382 7403
1531795608 19769
266757598 13876
1267267956 17854
381669899 1873
2081591514 19018
1630133045 6389
1798301677 15331
1079848510 9719
1260003953 18296
1864712207 10725
1690215349 20875
310707625 14247
2060499945 1476
769875489 17618
31312623 7190
1690533468 5740
1223970424 15690
901706061 9255
1974480567 9007
766406986 7683
2142986015 2244
2083289859 5034
2024346785 15289
1442683561 17109
832849516 13556
1397390160 16982
776679861 9179
2114909160 638
168506719 22908
1482390187 5286
289736190 10210
1017359012 12530
581061728 23698
1509901303 17994
1243605627 2517
1805819240 2898
753320677 23428
1711704091 14427
2108494505 9667
1509120063 3018
70972882 18369
1792790890 18988
1358869854 9105
678203241 18307
140615368 24123
539609402 13127
921706111 9145
1898102457 2833
1029057927 21166
501018493 3000
1486587709 17613
1541893940 20437
642993168 16763
340854303 17177
780381175 17829
1906789265 17892
78076886 2415
958289199 22478
662963676 11044
1201670713 11800
2112057366 3581
1198056873 17874
507775624 3616
420733697 2060
1783767074 3455
256181113 18023
1446344670 9585
618704973 5145
1485127258 23391
264344684 2286
1276045600 17473
57053773 2417
1516826489 23051
1721772524 1555
664561280 7540
237012423 5108
1826324206 316
728263894 186
1147149645 5712
581222306 17441
933417512 10872
19673804 2134
2079533944 4402
282675975 24581
2083755754 7933
522784242 539
2121382508 15704
1679772142 245
856377481 22582
319586332 16426
1935715844 24926
460264351 13269
96486516 14995
1437063254 19592
1598963345 12556
1735480627 20978
893467865 10632
1951155753 24254
1693276599 5374
1395701271 2305
1484245638 785
2117250811 22210
1227751149 21992
1613828830 19101
229568953 10375
670657166 24349
2143583212 11277
1423896746 20905
386399053 1967
729083952 3404
35665330 14980
373609657 4076
206690671 8017
1810099159 3805
967373172 24536
1271695547 11665
128220648 22390
1382330389 23974
440470574 15347
468816510 9875
1232338966 13023
1338346373 8576
673782803 22152
906067795 21548
1323100037 6731
1106615138 18767
443044091 20240
1929267513 1814
861987538 11089
2015192486 17561
291295231 18766
683747925 676
1910629171 21510
545735617 8796
2081582506 14694
708229245 23068
1764781792 666
1200491345 18387
1424188730 18637
1682255900 10115
4243954 18194
1242432401 17437
1102490615 1058
216945593 12497
1126154236 19995
2031510166 23378
961135734 19388
1363133093 4102
1460910520 12746
1948132790 8203
1180750803 23054
1367474285 16237
1650751665 20548
1965525964 21654
1918479486 18968
1290637468 22983
1756093870 269
1208549722 3745
87267656 15191
957192931 21146
1718903807 5440
2069643283 19136
478882804 14837
145582248 15856
279732412 19590
1825122410 10746
1359129317 15380
1504233896 9760
1628751390 1577
406307227 7057
1369204351 20490
567325281 6252
1019534547 12742
552622081 13194
1113915184 19617
1435940586 248
1958278636 18990
815519918 17629
648735659 10224
774516256 18699
2051807938 4416
1893869898 24790
1982402153 6130
1716590983 2469
1365202554 10489
467543846 12676
2001300380 22096
756485185 23144
1912495653 760
1707229795 1886
607906630 18754
621656103 18692
1458760858 18129
515263695 17411
852260884 23714
526730319 5330
664226115 12519
1926672415 10961
2129571405 5409
1760865463 22751
771542166 169
454851630 7898
1077830023 19386
1385669432 13009
1236286000 128
1248772922 4277
877779115 8493
869115689 6937
193267382 14970
1818810348 4013
1554771996 1850
1584286743 3178
932520420 10277
27751690 4239
221019653 19476
1768946834 18736
1775650874 5184
1752239587 21481
143366223 18950
656838011 659
1866970827 13575
245184868 20641
886036044 15445
199677321 14881
2065074057 13044
1433438620 9785
1035241658 19815
1052945057 12366
752516177 1745
816609294 23002
231905123 4678
1328251863 17468
2020526165 2709
1991983273 1485
982115813 14153
1803393095 10272
1393112344 5782
1609220454 6549
1157721947 20790
581747379 8068
1603564239 24610
469179156 12021
309110871 6925
1670173461 5801
155226957 8801
946031789 14043
2128989765 9902
1508124621 22990
988449941 1825
1264672352 2524
1007215295 19400
1265925086 10631
1228579750 19818
1373928944 3488
797261948 12023
588263684 7597
277517179 23696
965815232 9813
1880475643 20664
1269761303 401
830309229 13926
1725384079 16634
1394180589 1272
2018179505 23700
960633353 9807
193962966 13179
406752843 18428
1111895241 5966
487695041 19314
48154740 14845
487143059 21441
319578615 18801
375086589 6259
1616261859 2842
2004009893 21449
260590102 17760
1574839398 16567
427126881 18006
17998528 20317
636970061 5019
145777823 12510
75702235 15104
1980625352 2908
971149095 12075
1981651462 20530
2017713239 8021
1160737752 8300
362106924 20567
1711552387 17504
1849919436 8116
712703832 3973
722569637 7260
1450485897 13611
1327048098 22124
452498107 1743
853629541 17089
2034053789 16776
1399163257 24442
1429243820 19005
1796283738 10827
1151557653 1971
1887696664 5245
250075966 18567
379790271 1015
1152531521 19240
1564227123 1129
194676809 18432
1738811445 9241
1939732400 942
665155883 6957
1528218915 23820
1438628275 1541
444437944 8348
455405831 9356
1553197996 16960
881379767 19859
1274984159 5015
425277709 5659
779298928 13214
181208728 1749
1191013172 3631
1470003255 15649
1958283028 1056
2019155689 19520
595464579 15037
362350136 13902
1025410362 4301
201534510 22303
2052158184 15949
1383382909 2976
416604939 651
1308247666 6395
1312708352 11657
516043351 16451
90308094 4143
529259080 907
1120207259 7438
122059429 17600
1106560746 8850
1528127252 15825
1356209896 3588
433100894 9346
1704337323 24453
1985127400 16165
683688039 24518
1603451147 9215
2008902933 1206
1457838118 5655
1072647939 8981
1099686751 12950
1379709126 2970
663078362 24139
1188950523 8694
1469598115 23898
616310792 20963
1925248885 12998
640926230 6009
1212529885 7425
942439953 18752
1252642468 21403
1983948881 652
2033937248 21682
1873323472 7171
1224072699 18357
958504724 24507
136055626 439
1606257007 13909
1747345996 6442
870191602 10178
587377504 10965
1268703262 2439
452564203 11996
439968386 13226
182541631 5655
1201777510 10932
1261591413 6933
796687731 14779
536082220 1074
2126091042 3768
2091040177 21342
1857038429 10139
1126204749 9703
1695889432 5738
1902069193 14671
1121761486 2496
1263750472 13221
1071292655 5311
1570581712 21506
169590900 5303
62396928 510
1026729753 16366
1599208783 16114
83595338 15776
200440091 296
1911679486 8220
747115649 402
1678716648 24067
348677305 10346
845958108 21861
1745844936 4249
708211036 7648
1643370073 19365
1315485189 13310
1199180062 4639
171577853 15468
1224800498 1178
1339449715 17091
1939070511 12343
1037808660 17107
981657030 15398
424312351 158
2056066755 13569
1814843852 12985
1258801043 10239
1134323183 21387
2060019518 2334
556106185 20728
2059451576 3200
474696500 21265
993592111 18709
1641522259 10742
99533699 3520
1453435365 22622
1274525078 4364
1761587667 24316
230391436 11903
963910214 3873
46096024 5072
1886675449 22451
972263201 14914
140683639 14527
98945588 3457
1047598627 24167
425970474 18368
1900120676 11321
639982995 4934
388197201 16072
807906474 15023
188809163 15909
143223518 4970
473514543 17031
1083478092 14048
1243517222 570
1865461786 22178
997267932 5903
2144521467 14290
1643217933 8995
342065529 18926
36905086 15195
974780077 21561
604835759 6599
726354519 19257
612237944 5190
1342244994 17929
691297776 12936
1782028553 20797
1519827026 536
782810818 2529
1654762746 4694
2077537697 7544
699199762 8203
217641816 18886
1225488306 2519
169766470 13495
2056335831 6189
304654399 8724
803750165 22121
8028147 7856
2129662543 1139
1479508556 8571
755484414 10994
330135803 6850
1039297954 14269
2026334237 14615
1977812586 22338
1328611418 4641
1298845078 17346
692760230 16652
1278499410 8995
1488678167 24777
2144993574 11896
3367706 14708
1808401778 12356
2079190514 9717
1967703713 436
845827510 9756
1155106912 17188
302511228 7224
1679183854 7059
1936763724 7003
729945261 24983
1128456121 10624
521804710 2693
760508027 1535
1026490216 22541
1014905317 22766
925190799 2353
288973584 680
836791934 19399
1798408586 11704
340492225 16516
1281392062 9720
758430852 9942
1819013201 16671
1302864019 8158
1133727446 20053
1015065002 12226
401771160 20344
1882155337 4229
1156802773 665
1275665008 10203
567897401 9412
1500317504 2329
1226404785 5611
532534145 16671
2086831373 18046
2072536263 17958
1957573185 18200
208361332 18891
483234076 18590
436478570 15019
368974328 23111
580965523 14587
2064486785 17021
1037114848 14930
657364334 4875
1830612085 7397
250884982 13295
90770989 13237
1425655905 8806
73633952 17055
410761616 19470
1499428944 10798
447166428 21205
1976788995 24484
667768436 1218
1832856700 10323
919531478 7434
34986404 20063
1551469490 8930
520416551 11685
2138829605 22108
275343410 3525
840947826 21791
1343035575 14855
1296239579 12423
204585756 2112
737441789 16770
959337914 4152
1848859304 13495
1172893946 10187
1766848064 23312
27231947 4298
227788774 22528
314481994 22182
1145589569 17062
32874352 21580
591374698 8308
1002512900 6959
831216688 16341
1428337425 2734
78973726 24661
540577693 13053
1335105739 23638
1289134032 8942
29814863 12755
1934115427 10270
856069564 15096
2130721431 4682
1784723170 13499
2035281096 23566
1021653016 16772
155881804 10870
458270884 5966
1306135039 16345
1110480206 11244
357485296 24407
1337069014 8558
1313670350 20382
1635437155 5277
1550767638 966
1769341620 13486
375174775 5808
1940475511 15930
852834650 10665
192253942 1059
1910183827 689
1605576101 1739
861488889 18670
1805103190 16782
194219066 12289
855375888 18718
146923776 684
859784762 4779
1611468815 12838
290873718 12730
1106151493 8918
513543388 20151
1677271767 20908
523912718 6270
366164199 20506
874780834 3053
1221593353 16757
10214081 7755
1786559716 17551
814367731 12696
1680721818 6692
1131292819 23522
151398142 15685
301216793 9306
1570851936 10350
2036937094 16360
1526429938 764
114521632 15631
1551725716 7196
880074992 18470
111727594 8868
1552318051 12161
453326409 9344
843542357 1299
35198475 1202
928245226 17560
144489239 16983
1470586354 7980
592547926 16065
1629448199 16443
708014668 11941
1150706215 24475
1306479563 22899
1958473180 2856
830484638 8277
2126547658 17654
1351641319 19534
162099768 10222
1972879084 4141
586830255 23247
2082171522 24039
1117264717 21909
437984281 3255
1856998287 20741
1444050298 7151
1258406042 13297
555337876 12659
549174070 23788
944256024 11506
218407351 17180
1057890631 11425
335227593 8536
150885973 7304
646010502 3894
1775167234 6665
896829348 22322
1621848597 15108
1862353746 17054
1312780287 7374
716220936 22249
272494896 3932
1883447924 9876
1375343537 12748
1602559401 7428
977282692 5869
1519199281 11437
1084472016 19588
1742982086 836
1199235610 9313
107443418 8428
430936027 10959
504341894 7661
2027955369 9078
1758934976 7753
965132393 1605
317339260 20523
1688844001 3816
1811743758 6538
2010825122 8943
1104265591 20155
170974371 12390
877405436 12461
2015759780 19671
2016675219 8992
1551980236 11728
15046777 14726
63153536 18921
949493084 10752
1090818689 5398
1840450920 11787
823899041 5508
1828104623 14547
1066974890 21882
188053615 15690
2071657666 18365
1791939500 28
779553275 11877
1709083920 3587
464369559 23982
1900507098 14904
1908999332 24729
730831877 24095
1076879738 12176
1502200232 16472
144148142 22207
856372115 11468
299513408 6254
1060495655 20839
108218713 15260
381591825 19706
2108659598 4070
656740902 24850
1649948702 12510
154156548 7564
2028806110 13515
961285910 1811
1678307901 12394
1971372965 18907
1090514855 12895
2010363820 15321
2005266970 7276
247656571 15195
503111035 15603
1840545995 17402
17956806 7495
106694593 12267
1566016189 13067
1357950968 7101
24128537 9893
1995072533 4228
198606437 10970
1806801741 16534
1689587543 18774
2135448104 9241
1620994971 16586
713672552 11798
1279055296 23531
1977720088 5167
1376076749 19056
1202090789 18157
392193580 8242
841636985 3183
1320440160 22845
880902971 8206
620717997 7680
105271574 20283
244980883 14628
482623296 20720
2043943664 20987
1640204440 16842
1746754088 10822
2055399255 15670
156286340 22326
1429626110 1818
2059682834 21550
436332880 17376
1793799573 12415
528484764 7172
1756160617 24084
159153800 16089
90114342 7644
1189025664 22857
121976101 19388
2055964330 734
1027158579 1276
1235235243 9121
348879892 18374
2092531635 6749
1747310220 23434
1546316991 9428
1114929153 5875
555426522 8107
2058922663 14691
49723738 2869
1428822135 3801
479119054 15438
1994960091 14888
1923666670 23199
1377568688 21417
1752937041 4906
816222186 23608
1054311199 24103
264733433 24797
1671079311 2564
986604181 20833
684466147 20285
1675521790 20090
2051276549 6295
1576684366 17406
1828091608 15739
1950661265 9166
1261643668 11459
1378579327 6422
751628027 10113
392945362 13407
1524335015 17934
59392441 5369
1046118851 618
1897933616 24098
598179472 19388
970054965 22648
417876365 3710
1365328410 4662
1699598461 4928
966278784 12406
462776734 23759
692464989 23826
640125532 6237
2040614174 8826
417273234 10023
1034033141 12450
912308824 24263
1788389931 22184
1588614461 8137
892508486 20224
1656683280 19462
1301901135 14576
594082477 139
1904796386 9494
579877970 8832
115651760 5986
320544005 18158
1446863857 4851
1132531227 14638
1306386138 24557
1100127793 4162
2110306035 1166
1817442660 11564
490004222 4184
958948277 16961
741501983 23998
1489799153 23148
888301131 12079
1086199851 16104
1004929016 13049
1936506099 11141
1564486890 24206
1360894271 17961
1953429636 9576
1233050166 10644
2070347415 11284
2012599636 18640
399947823 3054
702494462 22331
866736343 19665
463536744 11776
295610534 17772
145166491 20072
1389338163 9947
1582774164 4532
521754120 15722
625865401 13861
525312617 11311
282277573 8079
1626706960 5287
252659224 4634
792300707 1770
746413294 20719
1890454206 19852
1355699694 15983
1541953039 21585
2109980169 20077
1632510461 21463
1181893631 5152
1859794279 18070
1017372501 969
678971231 16727
1860276640 2493
1423538359 3871
2142888624 22565
1104396127 3718
1046685635 23916
191660220 9283
1690026337 16340
266008247 15355
2030396752 17319
1668245507 14647
2121731104 10648
368360568 2326
208941225 22140
332810087 16651
47976097 18989
866887795 22431
1092058796 24761
2045174384 24159
872418173 907
1906792610 13119
1044100057 20467
1535431673 4632
1985901408 5444
1212591299 24295
2010504019 2443
916803632 907
352469067 11520
1225261832 846
677163042 16514
876711349 7150
245173463 12692
1589798604 3638
1745443579 14215
79316726 3536
80214455 20145
1226799304 22188
1479333990 4365
654208135 12708
579933813 21138
63389722 14567
56937982 18961
1811355052 4327
931505048 21932
1279501371 13382
1512216212 1292
447713002 24531
181859797 4111
866592419 13667
2052176550 17318
1737688019 7806
1659460284 599
1358899975 19284
958028395 14942
539039861 5280
1596520337 22707
210673179 8149
107692668 7134
2010612632 22860
1235643657 22914
592673576 11206
1007118856 9863
1654813254 639
812370972 9730
1482844375 24068
1691291829 14764
449149595 15307
1737589341 14145
1006914588 5359
679809541 19213
2109491843 10442
1039351442 12082
384573015 24995
999655988 19607
39561753 23646
1389448357 23030
2010832996 4098
1722429753 13632
1582909317 24086
606124077 19216
1096760787 4151
698931747 19541
829697606 11518
988665063 11992
1550720274 9692
1330258211 4436
1539275610 1812
1161587402 593
1942216717 1939
2046338502 4604
1619764759 6272
1829969675 1396
268303359 21971
1624112874 6583
2121358077 7417
259433130 8309
1398261923 16265
351996889 7057
1060461380 23304
1008274799 4649
1968901630 12711
952599622 4265
1666230651 10080
1147230530 5500
713146368 2665
1159703062 7138
1572421808 4001
1089417776 517
661229102 13688
316160937 1884
670032794 10837
306316825 2366
453091403 1373
810787043 4252
1033851205 5853
343693831 20269
1430275879 24184
622024959 2251
428388175 18748
972310091 4041
994938403 8714
204622703 13954
2062328705 12946
1226500156 3914
1913158281 5257
1400774935 11105
30910387 19126
1308855558 2084
1665351962 449
1658755399 12925
296197520 17284
676476290 24477
294854729 459
1372977407 10833
1940100520 4956
436372622 15815
661478542 8180
853844467 9388
1378929752 19162
307524865 16466
958841554 6067
2086558348 13706
542998876 3722
2110935165 3565
732202913 22953
945450744 13615
1599329205 11585
1476873496 9972
1718908517 14563
365817385 18600
710715279 1535
195117727 11005
1183969848 540
443033010 8753
340508323 579
85288749 12763
1434562349 4279
178940109 5303
1335111286 3544
560810404 22099
293858557 18315
1396734309 8616
337016025 6441
655964003 16351
1791475467 19844
1480581685 6367
1225190132 8167
763197364 442
569392589 3416
1775167437 3875
1526051379 2606
1053803983 12722
581113796 5919
1377803097 14226
254254760 8205
777266125 20142
1426834556 19651
2045845541 23179
436352977 20292
936984815 8755
1781278641 14083
192421768 23339
153053016 10188
483473423 1115
609949921 7448
620577419 164
1944161733 22492
8038205 1742
55417036 1854
373098865 20654
794684061 3269
195027979 11277
1237228956 16450
1296970425 15988
1409934120 121
310163269 18128
1764287680 2102
1099388603 3333
1319907629 1008
196427490 8531
1314311473 17772
1040446498 6318
1639857326 17410
1548954150 4853
1217268157 16895
740184158 18336
2032027714 1428
509897618 21389
1971810011 23235
442115114 13810
1262693851 20728
1352724345 13147
639397806 9366
1842229746 13766
1669245656 11256
1285121542 9322
2065028621 22438
675963268 9853
1240657409 18964
357856352 20274
1083578079 8943
1465229402 20980
2104799199 4646
2072607222 2396
782608478 8994
2033799655 15169
896267914 13907
1170245836 19920
623197498 13966
1269592420 17567
1746907066 22400
99302248 17401
934083252 18687
773668277 18288
1520230289 7593
602509771 5331
421846763 12423
2030704091 5019
2082688940 23364
2095429769 11328
352977994 11573
188368616 20729
64814096 14070
448481445 18542
1750935852 9309
382952949 5929
1068430639 12809
1832662051 6364
287125275 15130
1949871276 8446
477112685 19637
1272319474 10027
1634206020 21189
421639789 17869
1816251298 5482
104343160 19463
101587578 11031
1853402556 6890
1582623238 3803
2073394476 4601
1864882343 6477
1044462478 10751
1726050483 21849
987752666 2546
5880011 21089
860073650 5477
175320017 3383
1722899607 8079
1019560287 11949
2096368940 19544
201544195 166
1441892317 17013
405125376 9482
1816100028 17458
1329508640 15820
1378815372 18055
1956886729 16492
271876147 6614
1553846921 22349
224617039 2883
133976521 9285
94494441 8421
1831083187 21411
668510308 10054
586678828 24584
899399050 20768
1617373812 22778
1583903518 9933
1078784652 7785
386812838 13800
1989077858 9698
277959985 5810
1172339711 20949
1352546744 22180
485218200 9955
141571704 798
975634908 12593
837964892 23190
622330017 12385
1944090266 2923
2073571838 18471
837909722 2519
611812928 15553
879110785 14780
1074472840 13984
207878674 3883
635576191 16667
1809415840 24537
1491754741 10142
866107334 16253
1891471724 12695
1839869653 24061
1538332879 10852
1567649910 12607
1152235260 9732
1399587963 3213
1841715037 20816
1861562025 23004
1790596632 11363
718249672 20229
56074090 3681
1444765606 24212
984236067 12121
1798688251 7636
1219835173 1192
100127115 18244
513431616 15172
1876194885 4592
1613256912 19960
989853381 18282
1796043315 6487
1122918523 246
653299783 918
161814326 22566
1466857192 23803
943139229 3321
680073535 7908
1268616062 10208
353067333 22367
1479753332 12303
278296425 10991
1122597005 20680
2126366605 12744
1474120552 20206
788152912 3670
514541784 20303
418514660 21754
2147277472 20198
1501847282 14622
1191957137 22268
469595689 8588
1131159107 221
1480016238 22149
1819067351 11868
1102109911 16806
1206739222 10127
1494346026 12036
752490546 7412
2058334097 16160
1949875163 22056
441364685 24574
1714442970 134
1539068043 3040
1612762580 10209
684088310 20636
1105513793 9670
1423339667 12855
1963533949 20320
1253310435 8596
1201904312 16821
782770846 18874
580730719 19324
1476075383 16143
2013724771 18836
53570498 2374
1135840322 8441
1336067487 4877
1565567258 1349
266367851 9114
940994009 8304
713118185 21766
792654925 8862
928750229 13300
453809412 8136
288690270 22027
129300284 12135
100703359 24293
1261446241 14605
1245815781 3490
1663572351 18161
188260439 101
1252594893 11271
2033651241 24336
1146158133 6472
693346319 13158
70712670 23043
1774876254 21194
734968104 11107
1093031101 24798
1878401974 4521
1858531574 22182
836882288 7748
1296417835 10397
905505698 2032
647771978 21548
2142388543 5516
1968160673 24038
855940364 18074
1388749546 16791
1484442217 13292
41796185 18710
915023055 2435
433627934 6829
155271894 16332
962155059 15195
1448408384 1247
2140819717 15837
1228728332 23548
1717311396 10099
326279656 13089
1324661943 21795
841661767 7417
1607239821 20921
1633206272 19702
1823033583 19423
70926329 5152
1973033967 11299
441774313 1105
1740202217 21550
383632742 3061
1297428286 24530
1395840868 14316
1986137398 20992
1693519743 7017
1464890129 9981
1919169042 8226
708320370 5580
658333903 7578
172831273 16650
1534751306 16404
276759373 12385
1575665202 1417
1763913406 3582
634947810 10034
210487262 15345
1464730732 12838
669161994 7354
1591104658 13036
2025630326 20870
1464805522 14522
794251897 24252
974238626 10092
1572932824 14530
1950944185 16902
600659158 678
2138901719 23386
261828841 5663
512308092 2977
1622370917 14671
1898057869 23297
1594185827 1577
1077598474 13316
1732773267 23527
1267696010 24448
911056032 23070
1249785676 4243
185616925 17068
2118620804 15782
1164327072 3686
1734724570 12792
624305120 20607
945239923 20524
97174002 24792
34794411 17194
384094342 2510
478507675 22190
125998758 21366
682015072 22947
428084768 22259
826581854 14603
2083473751 825
772039875 17092
415383763 16900
670062207 12971
625138599 2742
453778037 2607
1952515820 15469
679014786 20684
1697729260 21475
498403210 19751
1744749896 5082
638757872 7274
242160523 5026
925717347 4829
1018740905 20839
2064843583 13139
546040228 4039
214761705 6286
1997509114 24393
1424563398 19389
247794736 22749
1991090982 12041
109545123 15118
1259141851 17351
1186315353 1531
5179758 19855
1941477587 2978
1456290156 14719
1356305055 6200
1422310137 460
152917615 20606
1808154893 21064
444499747 1791
978344982 7642
1296266699 14610
1007900975 18558
1096993596 15102
1430849113 12044
657199975 10010
1057342047 8411
1891712009 11991
1023630217 7082
841117724 19392
1676422817 6740
1809798658 11088
159757637 15091
1813137629 5199
946642290 13051
1387520591 17268
302108027 9531
1795978340 8040
812864571 24031
1664604138 13428
1593584166 4698
2094892290 19677
1863096129 20543
756439379 18055
1527143604 22974
309132924 1977
1912872578 8976
537551218 21329
885487289 8268
1052079899 21811
185497019 13854
1208385520 22213
1166909565 6000
196029817 24498
1816137055 12862
1183513255 24466
1873305964 9609
260656294 2638
627564101 11729
411131488 22357
1372887765 18155
279375178 13971
1310405360 20927
889359986 14915
2130510921 22290
1458560178 3427
1649932684 3703
1093056221 10314
1496937328 13964
1622042631 14708
955152407 21715
1519256109 20538
1910055246 17714
1870764691 20371
288190640 23530
494527113 20469
1574724342 6692
882085485 16243
1522482309 15904
320339882 6060
1569255014 21100
1796532515 17522
115865242 21846
567584411 8146
191879561 24029
2017483658 16761
75999023 17625
1277558 2360
723883145 13592
1016608378 20840
148427006 16315
569500660 17619
914287903 611
462027480 1448
282971243 2645
388705020 17500
2035295659 18909
671299561 3149
532098492 9938
811545943 21172
1552489132 19224
83359836 17901
1481507771 9707
1495909540 8670
1115663706 11920
1908693171 7056
111371607 21874
297948192 9246
1614489487 8462
2073857547 9239
1983720874 10689
23730856 16988
1429958105 19826
1780323997 4892
1517098323 18184
1494621007 2043
1816612488 2675
956387627 23485
951554577 12112
2124682154 13189
1858079590 13143
1957624236 18914
74899433 7134
1467941451 20688
1721576323 11503
606874758 2275
1037941340 16139
1172310209 24153
1192131918 4537
1851700637 2731
1570120365 8423
596521482 24932
848925924 12566
1685796948 10481
617940426 13181
921724322 21318
694041330 16783
1728899212 10564
1036520201 20932
2065888189 9469
191076280 20878
1516888616 152
1151714055 14441
1350274736 3780
1106307322 67
34775128 13277
409011764 15881
793369740 16127
860333012 15721
1344721669 8782
1097756314 16807
1218809163 15981
1490830640 8634
1289136024 22396
1702354469 21188
1243846074 762
1802392581 21755
1945271900 11482
1229063383 24254
360682917 22950
1738741100 20764
752557718 8074
1422348793 101
731010681 11982
1575033845 8522
448075462 7437
683330311 10228
992094848 11208
1423404152 10486
960807080 8568
421219124 12052
2094985050 7199
1730178416 17317
795832181 20853
1682052446 12193
821784133 12200
1823854027 22815
741899750 18869
1109373579 6464
1674543184 22220
554260249 14448
744821387 471
242168744 8580
842754102 21985
665949663 9265
198820096 13030
1870071339 12930
590555608 15653
495933433 9114
2052249840 24858
1497797971 13968
1809619737 9156
2061834187 9837
623247289 17543
744463696 3003
85401604 14911
293447172 9583
360117788 13753
1546784958 12138
1892364810 5129
1162977284 14161
1314828479 24042
301090716 24005
1793245995 14634
165545023 17928
1366908154 544
18399154 18617
914885817 18532
1832390865 24969
1016470754 13909
1951640769 20413
1176272248 21764
1233698519 17248
754294343 3854
1681981884 18068
1198642676 4702
157007704 22361
18820311 7316
95215681 20032
317921268 8263
499400442 12873
1963100973 5770
1011025254 11696
93380339 12993
978068332 21938
16326707 15489
1102019906 13337
1095560658 10731
679097981 23172
827301184 22504
2087205814 8833
1587811966 9668
276270955 14726
629800682 17043
877031480 4353
798593291 10071
808820584 11862
1225552911 16781
1934170863 166
790252780 5077
875796749 19
763841720 855
747767100 3837
299354788 11024
763930032 22889
1947671195 774
1443662486 9441
1366761171 7932
1257504748 2522
1531140290 6123
1171341464 1409
1282077193 20951
1725374517 12631
1895566895 776
1487741988 12528
2051368506 22937
1772480586 21112
2049814496 19253
1893346565 4540
1187834777 24615
1298833467 12505
678942 15662
616692266 1690
2114421034 1303
1999404126 22962
1946551333 16119
651057653 6338
989845860 20436
955183065 15013
1015535074 467
133956047 16033
270350786 18319
1729236227 17508
486669043 20911
680275059 7513
120194025 9488
794755705 20592
1700484234 10304
1795608030 7014
1200641630 729
1742886552 13522
190809027 11696
678830009 24858
1984201647 13301
726418969 24844
1966552333 11212
883006893 15902
1202438805 7385
963848267 20708
765246446 2640
864416884 6456
311224778 9460
1250476426 6554
1873370990 20676
610168153 11812
2146405487 16903
44650027 8113
932307492 1846
190553330 9385
771092348 7363
1040025263 10055
1714091226 2442
1204346636 9731
375725837 13630
182051185 5951
854116146 11581
281550902 15602
1155596668 22945
161045956 8861
1460418416 20198
826428214 24327
1871998422 12198
1820189076 7987
154282652 18531
1373915424 13724
527068135 21633
567877201 8259
1481149140 23136
1794209459 5018
90384851 22344
1485322750 16899
1965482060 18729
510282560 18865
1912916434 20168
455901310 3493
141789401 15745
2142369806 3044
141704996 18838
450878085 19361
1281566771 923
1376304183 14925
536610002 8704
1890800078 15896
726051856 6242
123468869 22803
469656604 14993
1104215853 8896
2051882512 2113
1663416339 23233
8961272 5665
1622824836 21244
615438677 2212
971069066 13683
69328433 3503
246157521 10168
755977697 9613
695685818 8199
1873039706 418
1443843979 13313
506302230 24261
736263634 23122
1589699523 4663
1894732352 21451
890710943 21579
653489434 72
2114407556 16302
898652764 440
27104646 10481
449483095 18871
1166102609 2919
147916069 533
945316127 9610
1029520584 14137
287921169 7978
987696437 7366
1241534631 24568
1766760734 11039
1555177898 4866
65039761 4059
284620123 4447
452991722 20007
777912984 3902
842454062 6689
1291126357 21726
2083064056 24817
551386930 14139
54451764 19102
1796899630 2732
1152860878 19550
364630197 3767
2122188664 8349
2098385423 19924
2137887324 13537
2074440140 14368
1571457858 4674
62086918 4381
1768107340 20475
1312831544 7145
1134114640 4411
1855661708 13628
444885863 21822
890178207 1634
1522726701 18132
66337231 7407
741084550 3883
116014365 22912
2088456336 13618
1043583664 19489
86098750 14106
726765660 13652
991958146 18453
938322031 19163
1040090112 3211
1306539734 13752
1000478461 16916
601074729 1590
427290704 12053
784334559 20567
1752497686 20092
193193828 13772
916692365 10575
230138394 10416
663760186 19811
89504165 24331
1321029647 7070
1649266438 20177
983860694 4109
1636336321 14087
808015043 8360
846173936 20508
1871499427 336
799428269 16287
941413751 23513
1320123143 9943
1391875074 7631
1495922389 9047
215810856 17958
1596862595 3659
86542895 16460
1025717808 8205
406409869 2684
1414170661 24468
791127788 3477
174479593 23137
1072484208 6708
2024975073 1352
462352421 9273
609658515 15068
644231443 16341
1957343285 23980
779688546 14668
1378618794 18753
1168012999 3779
2018752178 19935
909566684 24086
735823906 24737
385524651 22593
169629385 10470
1479261864 8757
1234948460 2496
1433510358 16839
1458203341 13432
993194241 12184
142520543 8244
679098523 1875
1543886203 9089
237658662 10393
1300860082 15102
950950156 14383
262593251 1457
1463767759 9207
1306653281 14173
612317678 17321
1116899078 6684
381505947 12510
863068933 17249
383428571 18216
818673811 19098
1322125151 9016
1513608075 11105
2034232797 24019
443814610 21410
1985790323 321
2002869854 1118
331518183 1447
2045626145 16902
521274754 11729
690087425 6879
138252600 5965
632727535 841
538266628 778
1885047673 13111
380872109 8731
1949938234 1035
1096307925 15471
1469387721 14557
555427475 20152
844591377 4921
1539582673 21740
1920011201 17039
986741710 1585
1959571187 7540
1000408773 19045
296904459 17512
570253793 9436
860590554 7096
1673796555 6014
641100886 5033
174687644 21516
1959054114 15080
837770005 12625
1838666187 2489
1432409289 13650
404669077 520
1176251820 18226
2056284374 24673
1275429302 103
2085101153 15750
345176068 770
850075753 21759
1878054342 8412
135796458 24527
2017539142 18937
2131520295 7679
1441227522 18387
174478408 3328
318231243 17289
228521945 8447
858310602 23573
1616544103 2150
1351765 9329
1967756663 1001
1047854934 764
861738092 21148
2128895033 20185
1327970381 10975
1145270154 8052
279207967 17497
2038449499 17483
376236309 12186
115772360 9849
1390635983 18483
949573302 257
1955581026 12645
533852975 23700
737477949 15831
1873247380 2967
1324807934 7831
987160244 7665
1226391360 2855
1331662064 18395
1234068721 9002
1953903640 18904
1952554072 23311
507389556 4954
1361821920 19422
854834475 4708
2118535451 792
2016225108 281
995748871 11525
789525586 16556
2120848604 2610
523370994 19972
1886183454 23681
1302134248 18147
1058085661 6994
120331668 15394
1308598291 1048
2069332777 10973
898832228 889
1953421474 17706
1515950171 13090
1888951165 16283
1893881569 5241
1049550005 6760
453790907 9135
1315343530 16285
2065547673 13013
451154253 3932
1386158226 131
1183836312 4823
5150779 10680
1830744136 23340
2081369509 2149
158120023 24764
1066809284 21357
923512001 1137
204940398 14233
1858692097 7067
895403736 1646
997963083 21955
181902504 18063
1798628160 7086
2044993689 8457
1526602149 3371
1514613188 18320
1491841260 20141
1326653348 16244
137002483 2695
872634266 9455
1694489244 18450
718139716 12804
26619894 71
1935640820 15806
1220922777 14736
37889181 11449
2065029955 4921
249912662 1541
1356160224 23083
4451301 19346
966516055 17327
1674520078 25000
1158803879 24723
385124299 6593
924453445 7039
1824191349 20906
1604255915 22276
428308976 13693
1891693757 17434
1496923384 17752
302732548 9611
1760923815 23933
116442442 9496
1662181366 9817
964391387 24107
1097054967 18289
742913920 823
1834871270 20015
1195280463 12789
1173704793 844
1512051379 16923
1824448267 5857
408223398 21449
604409893 16015
1686993436 16810
683731454 4312
1568169875 20757
1388373432 10963
157943986 1190
1497202383 17715
836431342 496
1528606099 10007
1348768020 12737
228583850 6523
171398836 18678
439658127 16114
1119868324 23706
998530775 24989
616402724 14469
114877176 14152
2092004294 22748
1519870570 9656
1675953137 4145
2080825566 23189
1978701999 2190
928623847 11330
1617728553 7190
2129131261 5980
465159313 16209
401416478 17213
1165417051 11549
380843751 21069
2092468912 20120
1614205778 762
978597634 12337
624676722 15673
1844608326 1755
1375822367 1500
1867562125 11280
2133623168 19023
1587403850 8153
356531744 15921
237503502 22968
1800638230 16235
766469414 16740
2033762866 12029
628956455 20337
1711658770 16757
1843321967 17851
108325913 8929
257757501 14123
323016961 306
550746431 19342
1229342200 1642
470247475 10673
1976824501 11762
1720917032 8610
545970363 2554
1310422704 24341
1202262038 24316
1002055131 11015
634777527 10922
1727611046 893
1219173724 1010
832137710 13845
1932437893 24531
1302118405 5532
198755211 17347
790492398 22374
1360467798 20063
1318726945 2693
1606719080 743
1956212580 18503
543939800 6625
1657856514 8642
737033515 3102
1517736977 14549
597798384 2251
644162611 24646
1523104324 11549
1907717261 21895
1302382145 1985
301261420 7831
1315726776 16337
393992348 1601
1335278874 3690
702030765 6548
287783934 2767
1980405753 2303
1195456962 24669
395031180 15051
1692749982 8078
763273908 8200
245373151 12767
645456522 8877
81896174 4084
788562563 4283
1179876813 6272
435820853 3448
742729463 22728
2013257088 17936
963725298 385
1842040828 21645
2100698756 3870
142431032 833
844466223 12294
1370790439 11532
1571006497 18717
500972777 493
887339364 19185
936999590 4602
299014877 23628
1157048384 15406
2074585699 16096
278053933 19135
154592798 3386
67209235 17652
1970050389 12160
1007195358 22274
736515289 17249
309903718 5225
847494034 4982
1911335338 21279
1036775619 6763
2054100034 12432
1170426523 22983
1841139167 2436
1222082156 16105
1848220810 3245
2056274485 7039
2046413599 12352
1309018064 13155
1924684414 23561
284343408 19028
1730953013 7557
225883330 3875
906667324 15217
1178948603 12330
351759225 6466
862557569 24169
2113722713 7174
1073665624 13827
496393738 20599
436784659 19581
942054594 9445
623660113 13259
1479733587 24650
235514032 1626
1438796357 24441
1640372811 17201
98014116 17634
678112722 2659
166938261 962
2041688155 20912
20781993 7422
2138895041 3592
669035830 16849
1800688204 19138
1975475521 19617
739442461 20266
2134400181 12409
793365774 20232
110066400 15135
1024325499 16258
905567082 21762
1566965073 22627
1075493751 10155
1214165707 7587
557203774 10727
1482910398 1636
1554470386 12570
1075598966 12482
186726252 14695
657229220 8841
603187753 20072
939696668 23228
1419223483 23912
594875253 2858
1594751767 4068
959716047 1754
198264412 14811
664993057 15810
879014672 19369
1345580731 18678
1585844592 4926
488259149 14446
2120518712 18902
969594959 4337
630975092 12226
1655793356 20756
129931960 12007
297114007 12713
1618631472 7435
734504515 18652
806347144 21669
1406436340 23702
761769071 16142
218915383 12813
1123019176 12209
2091054159 8304
1176377716 3722
1107070523 2808
412779025 23504
969187445 14740
732444523 7887
212990721 2910
1267918273 18303
1496198988 15191
397345547 13475
1196561646 12019
418563340 6941
2082077748 5450
803448770 21538
887248529 10723
1648573048 9374
1004588488 22830
1193720055 17116
1797144968 2008
1657899136 24242
1657427281 16215
623669225 7726
2007440182 1236
763464063 7858
876124475 24562
160284269 13758
378630987 6247
83310444 13242
2080750433 10920
593823086 10968
2049293238 13206
794037633 11061
122536070 19932
527666484 15861
129188234 1638
543019854 14242
711379080 6495
1051808122 10018
1018961295 8049
1340310245 21286
22719398 6661
1068096242 7437
770888248 17487
173404749 17822
1232240437 13602
380299272 22276
1293719514 2592
1584679429 15386
129256471 12071
1090175808 13256
2009320655 10054
835074617 13293
360781461 3505
1366969241 24018
535002657 3454
675272317 8083
2104547815 7182
80814405 20080
611164780 14349
1863200868 4084
1781948137 7289
500509714 6235
1840260053 629
2055512273 12966
900917134 7646
1685905105 15454
619746211 1711
182212388 16322
457875310 15689
2062667367 14326
1337625167 20403
1138267668 6404
84324530 12188
2103426863 9294
1715153452 12567
1345609675 23121
937167000 24744
210662941 14573
1115834044 5681
1969220988 22987
362634531 12330
1079480973 7725
1670292544 15370
1149709854 11900
316413237 17198
1764264470 19844
803794147 13253
2105848358 2669
597310277 21705
172286753 15253
666350660 995
1889347086 10398
829492659 18646
30316575 23463
286992769 24452
1894205214 16605
2039927616 24952
762877070 3082
1294811131 5779
1209482573 21616
334981245 24755
732038618 24382
1422733146 4842
1151590392 2836
1000057304 16363
