367434207 17318
884151411 16883
474674091 8443
1985118347 13989
1075328287 15626
1185158105 12175
68476986 8082
905863157 11778
1479611728 9555
1986801423 6696
462241315 13694
147249900 17524
526504339 15585
1603643610 12239
1536777892 10055
1749247795 24815
1962345887 6327
796957633 20950
1428793667 17282
1258309762 8347
343718041 18065
43426330 10268
1890366794 7729
1400084029 5632
117138558 19094
1173648200 22979
2119528433 16101
1526217056 11676
1735925827 23633
1148517324 13841
483011700 22925
1754988986 7094
1227994700 24086
46581664 16665
595843612 2831
1473265269 3550
1534572169 5218
882665071 21963
943905858 19309
1832843071 11285
1839853661 7181
1909880597 6717
274814661 11529
413356811 14770
1173729327 3539
1440640606 4660
2127665208 2323
2129499131 13112
1445272931 4823
727032169 16476
283220494 15890
1899871570 12141
643752235 8727
1456273567 1802
1438286699 16096
506954551 7847
2052301256 8447
1084407843 1966
256520910 3842
1374286257 8415
1350250955 1305
272912243 15999
213925530 10193
228956427 1269
805552425 11560
1074532907 1143
2080530949 1895
1340260748 15972
1512797810 23444
1725916382 2174
1840024685 11198
1503115920 7510
2066629940 4357
79042348 9817
1030651375 23178
1985862590 6009
704357863 23412
255226332 19775
1257557551 11670
965342739 3110
112929844 10240
154792346 1081
338914955 1261
94899871 551
2037927347 16952
1836816130 24424
946004183 19994
1191449216 3982
1324417049 10072
314863373 903
1653715512 23009
330928967 11177
2076556524 23160
1431447842 19788
83722598 16846
177245799 24501
566257 24672
936683853 9034
665874052 16683
1540233186 15202
2140884893 1220
1576382178 23868
31170925 4184
1020782132 5800
1686740262 12143
1104574743 9658
657956579 5564
562021377 5930
494738506 5188
1574200688 24876
736255224 20527
2070341985 2871
229870975 1386
1616067215 8815
1657792191 7466
1389066347 3532
659145218 6753
872301076 4994
1673103755 15510
105570594 21934
2054072210 8092
1609085278 16845
558028078 15497
1957221007 20828
1021041616 12424
312492400 13698
700555858 5424
82982103 7041
457195599 20971
2115525675 11368
1655556227 6254
1825537775 1509
1822289214 13800
1426943268 19835
1965704638 3232
524717622 8840
257885324 22746
1445963968 24314
858221027 6185
1683471756 8255
1083529082 14962
1240134476 20348
906313634 16144
1448923386 2632
794341598 8988
1672656244 2028
1391553331 11615
976340424 12750
161634601 15444
297034494 813
1631096873 6359
1976680152 7386
738718486 1701
1644933471 24319
423252553 10593
2081698839 17446
1907064022 6333
1521729911 6506
1498043567 5977
542990228 6719
961910887 3451
836432886 10776
971410289 4309
1499689876 4129
1184937867 9677
790698009 15066
2032148457 19222
1950745516 5879
533834742 7038
469307479 2680
1454797744 23702
1129264209 2021
634314617 11464
137070214 22628
1810667941 16816
2071724099 3586
2016169953 15559
4358758 12434
472385010 11685
483911135 19085
503966952 15272
819661509 24443
87949555 3814
999717902 2862
439812453 13225
2034914434 10297
1542921052 5137
75570406 7734
101935242 6039
1482493150 5157
210231748 17384
101207029 22428
665406890 16905
2109605006 7166
790539869 13484
1984897230 14592
1681784830 16366
1576641667 24761
1407298829 15453
2058890221 9986
73593357 20934
551930049 14513
1591050985 6070
2024449615 24514
559423737 22196
734823114 14011
66594366 14219
826463125 10243
1495337353 17012
1994570898 17416
1448148695 20274
1817470751 1730
391598197 12905
615013854 20423
1454209010 17827
1501751234 6245
1637791653 23842
128606418 13823
157333112 3146
1115335254 8153
632845678 23223
1913296373 15304
494956750 19546
1281852935 22329
2035926898 23312
1648766379 6347
1598511634 17085
637524937 1579
482742466 14147
47361766 11294
2045205788 16003
1721833134 11284
564577749 19397
1957180153 15448
1258727578 697
145285197 13671
639307039 5604
2048142371 15369
2060330512 16973
672174707 21918
675696979 13042
2029517208 19006
791602546 21441
1586033826 17229
51136129 3994
426020317 14844
1973646037 5793
1245327734 3310
422041225 11665
760412686 3704
1775911739 9698
314704644 16179
779603985 13063
336242517 7339
1908492164 2873
2013400042 10224
814122737 13376
1898015637 14125
243600180 21607
758765871 24651
173154170 21057
1889560043 22963
773559764 18648
1796857752 3229
918808243 17261
1999804674 15442
1241412627 941
1125110665 19463
1897983614 2541
1497789404 13908
1237174017 14034
1277901899 17469
1235365896 6452
1839965602 2539
2128430178 8798
1900816914 9756
749800651 5263
1027878243 17773
817601861 18624
413263449 14469
1278383526 1747
794229104 21453
698283939 22412
1703290573 15510
1717159574 19088
1707433431 9457
114635355 2124
263657937 8452
75436823 12387
1672214408 11356
201936327 14815
1079848516 16126
1804292337 4811
336043849 23010
1830636818 1688
381765226 7598
413694862 17775
876999509 13302
111328379 3022
2007516517 608
288445266 4064
618915065 9828
846370872 9553
1239080185 20618
1472096927 22313
679894921 12096
629794139 13652
1980143706 23451
334358444 6547
1514298996 7237
1008126670 15508
358248047 19449
13705962 11494
207966767 9855
994527197 24688
929600082 23144
1748669893 6229
1593182367 3841
1053457474 3698
1961645889 8834
892046293 18153
1444632518 12643
1315260352 10135
780106657 244
1517593669 21092
971724657 8710
790826191 11325
343685303 8467
970309197 2419
1084462867 3252
1910237937 15466
1855799147 22919
97234673 6903
622869122 10127
1351488890 2599
1710785604 20060
812686855 4182
190242779 1119
677241403 8086
881185205 5344
1289787654 319
1906638063 15033
1139130507 24728
157766288 18691
2112449208 17719
971212566 10821
78732669 5310
378767309 10094
1129850750 8727
945203351 14253
1221201530 685
1585899404 14632
1703882253 3994
1824821183 20675
788491222 696
1696123976 19825
831266588 18724
37607091 9213
428797521 4981
245862899 4428
1802634489 17991
2105696088 17400
1214089747 10188
316397713 13851
1800286849 4433
1608476627 17051
1558113529 17399
1247914177 4388
1653595407 14192
262179166 7506
2107302890 6685
1315547026 18608
1443668651 2172
536631770 2336
871659119 8091
1455558814 9209
513181874 21947
812881237 1455
2092165531 22620
1785439960 19808
694009901 3326
1306588835 16737
1461318067 12592
1504215479 24076
887895888 257
773024021 4741
1629696428 2586
758252472 11584
1446812819 2954
1021460634 8030
473757563 24740
904936150 24593
1814109341 19139
730679995 10812
1988504181 13465
542380939 17932
1380015813 8922
885711892 12012
1390122236 15127
545068602 11576
1816845008 23886
1154980873 2534
65019626 9683
855708078 7671
1666643124 4130
1286019256 8313
539235605 10881
561393475 17216
1587040992 15757
255442477 17918
2015241882 23639
1253553434 22179
1152910146 16202
1482538730 17815
1489180979 8829
931939389 5707
57610481 3319
1192505175 3834
2035264348 1118
1253978552 5390
847618604 22913
1413783618 1573
1989912614 16588
598466292 21861
619033475 24922
1377826088 18975
1618242414 23123
518929337 15753
1192954629 7608
886806191 1240
1780947530 11921
44629463 17402
295076496 9832
466815580 22512
586107391 3804
1496452325 10451
2068457323 14636
615750898 7004
266434688 18880
269780932 9371
236414561 688
1224110232 12669
1097411001 7619
252949493 14137
1489658350 969
177033976 15496
1111206959 14441
1799602457 18431
15642017 19447
2052434778 3319
408748802 18770
2140790345 11767
216354773 14090
1210035456 19102
1210875468 8574
121242567 23493
1503169830 10732
1279803305 6819
1214541545 23527
1083624638 17294
706848561 15027
847846370 2193
1828616078 42
23352686 2528
337981300 19091
249786825 13604
1729735594 17534
278499610 6736
511272179 19023
2137174769 6457
1209636008 13656
881842689 7408
1490937709 2221
1575483550 12648
1395973404 10885
1135473842 9939
1557755126 21915
1171097797 1942
1427332356 10806
900856204 4873
1550728122 18990
1619473657 8288
2035766319 1566
259646097 23076
525308384 15037
617037938 6717
1808857042 13091
1896044624 24592
555556896 17963
564761453 19651
1930757931 20477
1165349021 20458
1830210664 2636
78166750 1867
1751014799 101
1032618961 9584
1943487874 18269
282635212 1454
1822939946 9581
399397045 14539
1091980701 5944
1217983950 11393
821816966 3374
1670204068 2961
1768589747 5385
896565866 6236
1221364523 16869
922182986 17278
1958754656 8027
632630947 19386
1743745536 11020
329615768 14182
469029610 13527
1947500479 2828
1221597220 9171
690911496 15751
1212353586 12407
818200868 1455
738451482 10337
1417279198 7423
1097502400 151
36982994 8178
1108388158 23145
1104121901 5795
484806658 21075
1326758016 13776
1020719439 3375
1682030332 20189
437150813 15783
959891974 5094
1803882725 4830
1488636102 22130
1686814992 18906
1688462291 4704
1099075806 188
1123265526 10279
564259054 17492
1745955525 2426
1382716576 1171
857441135 1841
1106272455 12660
351627940 13238
834170404 21252
124710815 23658
592922995 6300
1669728114 8966
951366765 21170
1581491265 6016
1785440658 24940
482940443 19094
53374024 7285
2069026619 4546
1278644272 20085
2006156542 3072
997379956 9309
435322256 16826
1718929654 20006
47486209 14190
1094189757 22466
286433333 811
810140181 24100
422213896 23467
74107015 1313
117922221 3559
1613919511 8185
356307012 15382
1938143923 2933
1799011515 1949
787534001 11818
2091634895 15721
1787811086 20312
786223339 20814
24009073 1149
1005506948 9025
1245144680 15487
1763875117 12188
1455833811 22691
15027739 19351
297704835 1493
53834752 5878
53996608 11678
1259518128 7745
1203027403 15636
230046870 12326
1563811221 24220
1325393570 7633
1948852558 18937
223111884 21556
228684661 3323
1411365818 4734
1663808486 23779
1476974600 15242
528504974 13359
540883849 5496
683448475 4398
1563783297 9550
787126230 10841
446759276 15036
341575599 4310
1012883072 13502
893166164 9934
1869933844 13128
2060835141 19622
1639736246 5349
483237930 12482
1907608548 4676
402467710 8357
129433922 22870
1483471816 6628
1669081926 16404
1919240748 4240
1294614575 14533
1654953513 6556
2036101966 12483
917028382 13194
1531765488 15123
1484390456 11443
508189910 2171
381122754 1574
1918715565 14816
1032012917 23747
382075110 21808
1349389484 24978
739667037 20727
1272721764 12362
1817159527 1371
1192945972 22097
768369383 15426
1211659530 2408
1470748145 911
511166599 2484
419422637 16253
690382665 17130
1811433922 6979
1065079301 20531
644349851 3559
390102216 3470
50382655 18133
1039097136 2324
1566797422 1848
1289909609 7904
126207782 13148
1949092081 24255
744398456 21876
1604496695 14548
1182510793 13965
16984395 18723
940038636 16712
1636431950 18899
1378457383 7634
693285355 23494
1738925568 942
2080049287 13891
93659025 18562
1842122100 1303
1902505882 22172
1720475276 24562
1771259982 20297
720501479 19774
1619710340 6372
1233774698 24104
92189529 5727
1768111101 11267
1379499470 9618
1321942180 4931
784040487 10485
449535321 12500
628573421 10792
1129195288 15033
1278896798 5158
1714122109 12328
946306361 469
2130944818 20952
1729775822 8964
318510753 3856
851221146 9437
1278262296 24405
2056287186 17450
1227551757 6148
1048526918 10566
1953741419 21709
1602515367 3889
1468286254 12711
754940314 2156
2087870831 8414
2064867628 21391
555032356 16993
287956079 4997
2091986464 4664
700438799 5348
12935451 19882
1823461294 2211
1337324898 18785
1992224068 16136
1485858981 2870
251072617 23231
620776269 6500
451170632 3069
118686138 16255
1481197322 17134
1334921041 2375
1108814262 1802
805329719 5746
34841664 3733
1692949753 19636
1493282517 2555
1916529861 17544
1260275327 16455
852561801 16610
1947544 15837
1476214484 24950
1741455645 24019
1755834373 7367
887021970 17247
172786281 13266
1172905336 21897
1785111393 637
618371434 168
453626192 103
1299334713 15766
915862731 1286
914609460 23886
1563808031 21788
297789462 9698
1905774858 10543
436766051 3061
406537322 17207
922490416 24965
595333817 7281
811560226 8251
1526209308 13368
1827359040 10268
809967398 19050
427516002 1129
1508214980 2295
1397751397 9444
255298981 11208
320255723 8695
1441212570 23916
2131663152 7059
1324033132 18165
833687495 21255
21890654 18325
465525501 22903
532857866 24633
1348322480 853
291446362 494
1320042318 7073
163366288 6819
7451566 17568
2131048785 2631
1333383956 3203
2097095383 22543
198085011 14140
533049934 8569
714708206 22178
1362783884 1268
450818218 21987
616076009 22360
932855718 9027
1655884821 9639
510834862 22371
994500013 19788
1660211114 7645
279079922 2596
253518359 4248
1323936526 8916
1102343956 3383
1617539207 7985
2077516508 7508
594344364 18876
881646995 4548
747833271 8264
742347792 20859
1013731943 8982
1271493149 15140
1411147791 6628
2001563253 19503
644975287 13422
128506728 20183
1128689743 24791
1895353529 3135
633212375 10379
1647463547 3183
1223586523 2048
287693722 1506
537490262 3198
623035301 22580
1704388727 11887
607445224 15522
663502100 23540
1574039935 22502
343988707 225
988426479 13692
390573394 9737
1187468108 1374
598862536 10642
1502361753 5426
1248651302 18906
831777424 22928
1703118354 15886
916551923 719
1922827880 10993
237609536 14788
164130284 20539
312187763 1661
1500487484 136
1073106680 1583
710685255 15292
1199496849 20298
47003833 11828
993670513 24136
1565828586 8110
215638173 19381
2095803916 24257
1332196036 14509
1294266792 8186
2096167840 11288
1484142272 18578
1491950173 10654
454287355 5634
1902488244 12061
1648787327 22554
727074702 23089
2004844929 12424
1024674091 9143
1855210349 21471
556034879 3200
1101718123 773
110061621 14644
740278377 10281
273648008 20068
810287010 8550
1957135370 21598
771945789 18593
943108449 13653
1527460086 14803
1013055547 15625
2074049672 12008
978635811 820
1249717372 7862
1242677594 16894
1729210609 9621
1289901948 8235
893778362 17603
835969026 1273
1881982256 8120
756592988 13799
116607157 3756
1142701318 10897
1255779505 24406
392709235 13511
540160654 13976
347580992 6095
1030262571 4794
1684087185 14002
1673204497 16
687523776 15143
56422974 14554
702671404 18542
1883654560 6577
222369637 10951
720041815 18501
2071638278 14349
866705182 21522
1940354060 5637
332489986 6092
1555539754 15397
896435343 13816
1108285648 508
1162620354 16680
187728193 6373
1805080820 23049
301002768 17918
1638499422 14835
1807566612 20777
770369300 5394
1532648196 16985
1515407267 4538
647845854 10776
1540798724 14454
161968397 18913
333860544 6686
571687986 16607
2026633420 14816
466867965 2959
1792739683 13249
2070131892 12745
850309996 17219
1243899461 9345
1030215643 20457
331029825 10172
281737258 1218
214387671 11293
626011940 2365
513056560 1206
1325139085 18348
1981108853 13062
1799283839 22360
600674990 6286
1919821087 21199
264141257 9818
1125505322 17170
1859264174 5667
469146304 19785
1409707191 7633
846514937 21533
1097615162 18730
1361011838 24176
854511903 18086
373889006 2848
1032150564 3583
1746244423 11037
1738379477 19947
1815112893 4755
765740419 22875
150207420 10331
1458381188 3045
91490652 15465
2093532756 3579
500598927 5354
1822960905 8029
195431466 12210
1086827743 14672
877471300 3592
1886625293 20855
241280885 23348
751454093 1379
139641407 16020
1881177155 9536
1640960419 7334
1007097907 23731
20801297 19617
1445966452 4162
846578733 864
1959426634 12012
2000764562 18091
197679642 4930
48100383 2965
877164408 16762
222472253 12071
632086489 23735
1446150324 17317
1512038970 7780
209011649 22347
930479341 1140
747848728 157
231357710 20454
1647623663 4857
1078499939 11784
1372035840 21979
1162916149 20997
514892931 194
2147225032 7016
233814755 14410
588200277 10536
1667234162 6865
961913521 80
627922891 14548
531020780 9852
1264222777 5058
1035488670 14347
788093919 22146
884758 20329
1776860551 9714
146738198 16402
178371533 3395
1754116245 8219
1729313204 8638
1426140909 23952
1743605447 15560
1283947553 21050
1550618124 15303
56441614 9341
748024047 3587
1460952673 13927
195556840 4063
655750735 13318
533246955 24669
416209234 4884
1984180124 21529
489312063 5779
1532739690 18733
626276860 2072
1349622187 82
1113868825 3543
1597397168 5817
2047003289 1511
1511274588 9562
2094160271 19109
181778996 2198
1454063663 22035
1080393366 14135
1072901693 15374
1298943298 22253
1149187416 17716
639993869 9496
598181674 18555
915732330 13666
2075475017 21096
1473537820 8682
441068647 12224
670319060 18510
1956354308 8354
555852878 21926
1668335020 19376
1224671672 13015
446620423 14284
1442903815 19391
2016499595 24296
869504988 12720
145809691 546
1868660039 8040
320088488 4309
250545596 6861
270162195 6985
238047691 779
1506453558 9190
1754209417 24965
734012400 22411
2065137055 12113
1855586117 24905
1095293124 4808
2005864359 6699
1925004776 5343
2046421475 9403
963519254 22253
1002072038 12270
369145321 16330
1817585437 10875
412118953 15179
16924175 86
1789912948 3876
784174447 3816
602746353 4174
1253945188 24712
197905591 15369
1102299410 5487
510461287 22784
2101862992 24856
1483108514 7783
694802367 17322
85446603 7150
103572477 13831
86885857 22734
738700238 1742
815677154 13053
1991232298 15769
1445436047 14069
679607408 1134
1047661057 20400
1230104008 17275
24333495 21239
738587641 22276
1159497306 13897
695702531 1041
574549569 19487
1463509779 11910
1516687834 16376
2147454531 24496
927150100 18105
538600385 1064
1300597547 14451
201789870 4473
318693063 10037
929449480 14494
1772434643 11554
1096966062 24013
121300758 19497
1246298605 20065
656457128 17825
761377299 2349
113650576 3627
1571775207 18747
1015489302 6829
499241392 12433
1430951426 22958
62768489 12719
2087597444 157
867761614 10587
1499314592 6021
2060658223 636
1499422510 6265
674163804 11827
2127302747 4378
1211896174 11934
43278232 16275
418083376 1764
774180418 16686
963197306 23039
602343770 7149
442829808 7706
1604624354 24230
358321727 5389
1250203518 18670
159224075 12097
1564451957 19801
1670198790 13813
1608338362 11643
1814496830 13160
1048410840 1952
932161907 1294
1001407643 17540
2145450174 6735
523488586 7302
801506284 21178
882567820 24354
367223415 11402
433065460 5504
1725501328 2516
1530913225 21228
130108807 2741
458381130 10020
1434101286 2428
34929305 7040
332128780 7666
1118906239 5942
866979387 20690
655302194 20499
946988233 14610
14976487 23562
1117416356 23860
1397142321 10653
929678906 11634
754267795 14872
133164113 16065
959040178 10893
1263428559 20333
744873744 19381
1782978906 11177
75289628 2486
1433741234 17816
625063399 14265
224244841 18500
927487133 16233
752796719 19024
14779380 13850
1664410257 1503
1672445914 7797
1572380274 12949
1950785584 24783
807135159 21349
294654590 22680
1862968548 11216
2089344650 15038
270043597 24096
1399311416 23680
1183381492 13219
1451789830 17515
1566813601 21324
759103450 20710
1697794876 19469
466239045 17537
1269472930 11967
80895207 2659
1782582455 3532
373284284 7278
156060204 8254
1771668800 16704
769931764 7103
1913780059 249
1994601424 5895
1860555935 640
160390175 5456
1057572712 15031
924483836 7761
1690884185 20767
231061749 12302
1220912305 10506
122245342 3462
161495601 4160
1806260870 9225
467964547 1457
1981989680 4807
541876802 7565
1783732591 11058
1921062481 16986
1906180716 15014
1153000592 13106
898947856 6651
234478038 10708
164836852 17235
592449630 1801
753612012 15646
1232800734 3480
1459597948 5923
578301554 20277
1354511394 974
934639165 1636
619978154 17792
698229631 13937
2043397240 11322
163001753 18396
245989904 262
1269351871 440
1028972473 15380
1745082338 431
1486928763 2263
912699298 11691
2097290989 17234
417311136 18498
590542077 9581
388240078 20479
281273142 895
1636421093 6303
1252466779 20430
555391433 8928
1398249484 10984
160717749 16209
667770284 7612
1862614509 13255
1610434527 8921
54302646 8579
1061282130 5730
1698812601 12435
1911138714 24787
461111671 16352
1342386042 18955
509001943 2503
1841034412 10922
1282193695 3907
77902906 10964
1837566981 23435
831688066 5104
1572392619 8991
994168647 6583
306649539 4330
874012061 9179
7648104 11297
1787215598 23316
1268889457 11140
1636411590 17188
238678792 16369
1209226414 16606
1651442688 8677
313017741 16769
442225281 7171
1552295858 16943
15669714 13710
350768078 17324
209141751 11030
2083954695 23845
1380029615 4303
1505884944 2671
1357096651 24777
1796716464 18976
319094707 22116
416492938 22260
1203761205 22505
391634445 7443
2048168418 17406
273497043 5557
1849285315 4293
445895757 7836
265140667 11649
314393316 5300
785425701 1885
1580238085 3196
331664794 20347
1622355985 22391
140655045 23019
44152822 3334
384453640 13416
2013988001 7373
68862281 9842
550436513 23191
873935641 23663
627384533 7817
1370056394 13034
443507857 17450
1635551636 12394
1224738983 22854
661153902 7461
1734389462 1371
1830673998 3910
1904614027 11604
1735222740 24402
1014452113 2913
1380791643 18470
511373706 16136
1935308386 177
7692466 15067
1345779898 1828
614824641 14501
1180549631 18993
348088311 17359
279782053 20551
318265483 19317
458966215 19929
917176842 15336
460089112 14569
660820528 10002
204545037 6334
1043953213 3086
605442191 19009
1773869358 10359
1974508695 15971
63272512 12305
186759496 9477
1671313795 24956
1566914824 23620
1526335788 21622
957507328 22526
1895627584 17352
1748280986 687
762500192 24404
923037114 23469
735182153 18010
789801571 13224
1707440306 13454
782843042 3660
717213522 3056
2037107171 24092
1030726536 13302
2065217707 6093
1527581483 13865
1969878848 6001
714964496 13645
458269354 1512
2127875039 9889
2080186490 16937
1065051884 8982
1098109320 810
2120037490 14610
1581473181 10013
1140998102 21420
1111239019 21621
1899385550 13859
1142258934 23555
1139682618 17859
1628425469 2523
462741582 18
693027997 14858
833227454 24290
1152473900 2628
1829400025 18196
1353431477 24037
1900757214 7950
1409473969 11579
1291512344 4780
28497555 16104
715106795 21049
794918697 22257
1931188668 11986
858034712 4740
1695839636 6304
1968455916 22011
274281235 2423
380262790 21924
1311040624 18351
489032666 14909
255973479 19657
1248348831 21578
1206516942 11941
1409077373 22587
1254494103 2347
167303610 6442
1980851146 18915
1223047931 21718
1266361927 22427
617862343 16810
1613385261 12526
1400598750 15561
1565520734 22566
1316343805 22658
394511620 21015
341293837 23386
1112651519 852
1074103741 19882
2094170959 538
1728962606 1518
1111510003 12689
692863424 13198
110301425 5995
325440635 1858
2000814778 18579
1563625659 15637
672125545 1174
954038199 22848
1019070760 3031
1400950299 14199
1507739505 17166
1561373221 12096
928648047 22257
1605032701 16218
328633996 20613
1583856373 10411
1774928367 15268
305861250 2158
2005081021 14353
740426014 14010
838951679 10707
908129292 12300
228586419 15839
476032889 12799
911065057 15143
516565597 19827
1468388885 7651
701307152 18911
1781062150 14075
312952440 15334
1464163930 7815
1898245828 6870
1206880265 13055
1334653949 18992
272920961 8797
1881855350 18433
996436879 2205
1076410280 22522
1413149633 7900
94028009 19031
1432623673 19572
1867049866 19160
1175820214 23699
1969202632 2542
609183889 22380
1392676690 7661
603229187 9407
456829485 7514
1026146471 1739
171475758 7366
1711389832 23846
1432042631 1620
360705889 4506
1345848029 1672
1976210696 10742
1481299049 447
2095369503 17379
1698694610 21827
1164561952 5975
80146720 2397
1812381858 14494
981519889 9230
1211083910 20178
275564477 16312
1939451871 19583
1035685817 7997
931018542 8071
1838802997 8739
2109839223 11128
2118780117 366
1938218687 2269
690203623 8769
362739810 16902
872198410 10643
708711862 12168
331856229 5198
413001670 22873
1516566837 21889
486940865 23492
218083360 14327
1345698874 5325
1262683328 10410
2077481545 21474
1321307129 23166
1477350206 24113
201467601 323
223887158 16645
35116238 4704
1188151947 3042
341961438 4755
867492895 2307
1762746858 6731
1541369160 17121
628403055 10501
1189536603 10581
2026974181 22047
794715749 2801
653254734 99
1930176192 11811
1395832362 8403
1997181185 18606
1957239945 24282
397286188 530
543940540 15894
1635784458 11457
8655282 19493
1554281776 3359
1575184266 3697
313581912 16153
351798014 13308
1306295857 1934
923178201 10071
1164881264 4330
905320203 6694
816995244 23879
1575105955 21837
1786745593 20522
515909429 23024
554578872 9466
1233504561 4865
1477039288 13376
934319128 4949
723079498 1841
886211085 10048
1668266751 5300
1010539757 20185
744553822 9675
1607384252 11217
1877778628 13619
1284437849 23599
377700032 21578
662377672 9954
1164159945 8868
1987060041 16477
495817459 4066
72976861 14786
1347496957 10757
372543520 8963
1917039492 6711
310844498 5498
1936256689 195
102281887 19687
822374813 16419
1720690889 10535
297243342 4222
1686949518 20151
1311898579 20339
2055660524 699
2132140750 8573
2004310768 19905
724476303 5451
856674114 9350
1317630410 17371
188940 22084
1306121855 300
758402489 19575
2001704205 20000
1568185155 21790
446608462 8279
296441565 9061
131293293 548
29467137 17546
1870315178 16631
1201141821 12033
1375509242 15900
1351381098 24060
826362838 1762
862600077 5066
629657034 9915
1214085359 1773
380988594 15723
1593367385 15507
1689489864 14509
1415725381 19159
1590377160 10905
148804996 16114
1948159489 14059
1109095300 676
222904457 3409
869744395 14657
1021744190 22460
1039053339 13835
1892540533 22568
1400747300 23956
1926857638 1151
1297763226 7791
1672920687 23720
824758847 23656
409275765 10667
1636819769 15222
1377535354 10560
632684668 24749
1875931202 17198
1829081697 5052
1441338599 16550
1500438176 9456
447007875 205
1825424357 23340
52339119 2104
525582803 17267
69816661 7097
2007266418 1927
1864041891 13190
816526561 24282
1757038077 6294
32766268 8385
910485938 3460
1399579726 11491
915466220 62
1117682830 19284
898965059 18586
348426320 2390
59667496 20765
946233579 6971
812675270 6173
403690015 22552
819592812 8179
89381023 1539
1007714843 23823
56853596 3909
1288957436 993
2059730012 7126
636806380 10175
1679699480 13633
1248354803 24303
995045420 8533
1218892838 15219
1976628350 15378
148569793 3463
1876079699 9992
1576052394 22868
1688198391 5702
174166124 6103
1459360298 1979
1193038106 21910
405940101 6710
1318125590 10974
2015343381 13913
14926452 9699
1827802709 17328
1438012108 5179
370474834 24332
485868657 15293
454273208 18080
1592933267 11141
179315171 23497
1430564359 20481
1978596675 22280
859502809 3304
1838023989 3490
1784514430 17954
161321608 15180
2062402650 22710
1690181012 10674
469363747 5594
639420435 23852
1408349960 18636
2104626937 5573
1992173105 21328
1622889926 5432
2054022820 21160
1699878033 23678
1003497348 5030
87792709 189
623285964 13110
1412946201 657
190931542 20077
986938211 2627
971366548 11108
255601389 2055
1000504425 19415
918439533 4419
772203377 18460
1331432977 22230
1342990917 23346
975086253 23938
680847856 24251
1470098568 18267
763585238 21141
920818102 23078
1818806887 5926
736471895 21840
776978281 19532
670044687 12134
1369346500 2655
119534207 1092
1128900067 19376
1751942526 1517
1916978580 8420
1842379394 17163
1694029509 8385
1907497633 19796
1487538581 13691
435506339 5334
1310356198 22414
979932196 10378
2010086458 18758
1005904582 9292
1978046257 3856
1561436129 2960
1063910346 13757
483404027 6788
714020816 20395
2103724139 8408
1293478150 5671
1038204274 7243
1583915218 14338
1614871362 9609
225191884 1592
850198165 9904
442822416 15360
1927680281 8418
1197086356 23976
258903934 20329
1159401325 1036
280745468 12868
235581822 22169
154972909 1996
1084238732 11821
1946137645 19421
1463193433 690
1693811764 12387
515881136 9307
745243800 5095
2108338549 21658
2095002483 7806
2090916657 7383
2085906022 22635
1592170206 19058
1028180688 12869
902454087 13679
578689965 12591
1097656279 16141
231482600 6851
2116000827 2919
779751593 742
1042442192 12070
1133819871 18782
36390249 947
1948536898 13706
458799876 3351
2122403660 9386
1912239039 13274
1186576096 8957
1646484697 2069
1722485567 6020
121599754 14431
825035428 2710
405198983 8728
1551289034 18195
1681788359 10281
1322777406 16314
1867952689 5731
715429339 21304
163157598 15785
1059530515 4113
1354483107 5339
364068235 7684
420064972 13543
1155150820 13077
1834545095 3464
2139775497 21092
544741970 23413
2012156303 20057
1431912376 14737
1585657194 9541
1490268608 11620
85688758 22132
1314578441 24310
1768554740 3080
490223996 15953
411729936 2598
1494371242 14608
2000938541 4070
710934050 22068
615468156 4529
1439806998 10505
1478389133 1399
1129776316 13980
765220040 1787
1605108197 8355
1627836872 20533
1259970930 21643
574545928 18723
1721325412 2196
1612547761 15869
81293030 1215
2105975116 8040
1628470086 19184
762057016 11928
1340187690 20659
1056777515 6345
2004728748 16805
1910220506 13960
149109597 5802
1920982473 1544
638566259 9525
273835485 14820
1873807093 17038
2023293621 18277
444847252 19597
1775048149 2316
1948514940 19048
900515731 2769
1701763478 23886
214871944 12569
865108682 21959
471267611 5446
394454014 2191
1733645852 18193
889413958 3368
763810848 8225
1755962951 17415
883089696 18759
58509861 22694
1213327521 16566
1876939655 16850
1852631097 6736
725185173 10464
1848865593 4197
547900284 20296
412293342 22803
79834233 15559
337197425 5075
758263890 1762
1163422772 18422
1884209296 7503
439711548 16889
143003344 23868
1029722217 14883
199819544 13033
998663215 20253
40264903 13666
1505409147 10236
1006130218 11273
217343504 20371
621170298 12067
745528185 13983
797284011 9768
1328350263 2334
1430702133 12567
1082404504 2191
837645089 12537
578898622 13205
855449567 7323
763527367 7056
1255179125 10466
1296914480 13819
1691338918 12500
1360125939 22365
981342906 2808
1576617468 16157
483090394 13332
479015746 2073
1261720610 15058
1106755455 12311
888313706 7178
1526344722 3832
1966914940 6455
357834547 16652
2110440487 13750
644781941 7350
1930589526 10551
247433575 5364
116789159 1523
2021371206 14506
722357312 8251
1491115249 20372
660362218 7418
1585208093 2989
407835869 17451
1419182826 18623
1766110409 637
1079526916 10447
149227352 10117
1674002797 9503
727600914 56
516565694 24537
871716388 8313
1796235175 12726
1370584622 10445
1760482001 11073
1427895824 3753
1337505303 17235
424494629 14721
1423627120 22098
1660721621 12696
22210000 20722
576871850 3559
193932563 4361
1258704758 16146
1531091576 2791
1493114533 17470
798093068 13195
1004277771 10897
1269573470 1952
615746420 7780
1213350380 7092
1044593310 1158
685894055 15716
1350670166 20615
728802172 3573
761193442 22680
2068701076 1282
950389809 9030
540062678 11356
1998047631 4008
738426971 16782
521856888 17549
1526505521 11787
955288609 6056
35136542 20955
1999440998 22163
2121428046 13467
1088838944 3157
404394766 8420
778490184 4798
1998275307 21240
240569167 9408
1173497938 20867
2011357498 3206
1078927941 22619
325793396 19637
112815338 6424
764056262 16403
260050767 21947
1829801681 18648
1627022896 413
1916321952 20967
2070368793 3314
2118787522 22870
1876122801 19987
1440455319 17329
266987437 19125
261430492 7272
733198629 14221
1808496482 19540
1129252650 356
643024563 2134
1528570318 17534
903265264 9227
976901259 20051
2108513195 7838
1067288451 6056
1370449103 20482
126092287 23885
407402914 19533
600331632 9515
2121795917 5415
1237407509 1215
1027402235 19606
1375834710 13507
330097451 9140
1563333814 17568
2091684347 1729
1641294911 23484
110996550 8679
1695036316 24567
1394048761 3055
561554349 22840
1239550668 20569
1145004151 8223
2144194496 2964
630488240 14480
1080746958 9477
1664203951 14616
7507944 11929
1335848841 12570
721922847 23463
390446345 13850
1016455412 19073
106986359 14646
1084058197 588
1595291198 7467
200120707 10906
851982421 6720
469189963 3554
196292723 8954
1757248411 22455
1751198456 20819
1304368993 7078
173652422 16308
421043685 22983
1766274208 4837
1564546848 3203
1132469901 5082
1797302248 9439
123552914 3760
1147651605 8473
446114046 12844
586004195 4000
823416946 17222
1291200698 8227
1244912637 16749
888819938 8434
1173557215 10888
1108838985 4670
1080538399 9970
230424128 6809
702422286 6944
811895755 38
464495570 7762
577243439 18679
515301312 6975
2100576052 5116
982690724 7075
469348279 1790
360371337 3678
897497091 9312
1159362117 12472
796386254 8686
474817073 7067
1708424669 10301
1559848771 15378
20385220 24478
973910740 16328
1399905905 5808
1587158463 1035
2115154210 21164
427042996 6018
188284061 14356
1154632073 6856
589167838 156
1308301794 22120
477814423 7481
1786340162 1667
1346641082 11844
1145414201 4294
1231404372 16165
1666164175 6434
1113549165 10391
710685183 13576
2122704052 5163
701381176 19352
2135912085 15717
1271198801 3386
1329095328 17581
125488722 5357
2136550810 15725
643911734 17206
1785926993 21637
410127601 4326
2021761350 12026
282926332 20877
974996498 3630
847851418 6410
1229084328 21433
1335655419 5278
417321526 5219
150395103 18506
1667637350 5269
2134147012 6138
591358075 18919
755876898 20949
12569773 2632
2020717713 2705
1074269200 21271
1788890778 22384
206797317 8085
23599623 16906
970957614 1380
756779441 17273
600390650 22916
367707727 18075
807788909 13820
1638605690 12245
1861413187 20151
2000902356 2254
513086106 3608
1259331668 3042
261343152 1900
2091684674 20174
821774979 15987
870536555 19339
1114135353 23458
1258828524 19483
1591080132 7477
406985817 17934
513952198 6481
1735874638 11207
387783668 18435
956576514 19741
1335421508 12755
522692117 23402
420931169 3500
941919611 2590
506195349 9549
1562813972 23458
413689107 654
1889014188 21363
1254270140 3712
1126191409 2231
97459918 2212
610071607 3512
1315549352 3947
694865846 22188
1128177346 22907
135191719 9308
1337519122 23218
676330723 15424
122595086 8704
1257886859 18420
769503966 10191
1716272239 4622
1715040534 22598
669492127 18494
652863161 22511
1449326341 14245
146540821 625
385764919 4770
1632986332 14605
718811885 718
192819866 16448
483266823 1120
163870878 14099
1840487507 12687
325010557 11268
311657899 576
860712207 10945
899840328 7404
1572299802 92
1535525211 11604
1979559313 24598
615187744 6448
1785612571 783
496779244 3589
1069111576 12926
1896134473 13741
1637038274 19420
351532063 1863
886816047 13028
1107225676 3230
430586774 3346
750232432 1839
1096227912 3500
515392446 22365
1621369374 3431
809072273 22342
711123056 10370
619256334 20946
996489416 16068
1729927984 1085
1682168540 15776
1146813871 2127
5117089 23718
1164193504 23427
274022373 1863
1023439167 1748
200389524 6931
658935002 10767
838721756 22604
2072406042 12005
871273768 738
1282319652 24276
1797982629 21070
1477299773 12476
199928635 2440
2142552847 24221
155928117 5135
359752775 15642
1763433788 9112
696390510 15822
1555309838 19743
917388705 20412
1323380289 9479
1278881724 22369
86285066 15815
34051178 12816
819610184 7234
604838710 7023
1616652646 8321
922534729 5974
213709178 6989
747738209 13972
1311350504 20088
264989549 8339
1091595298 980
536424728 8564
420975038 18877
967895563 18346
404324538 24545
897723930 21265
1612371219 18943
1382377432 6581
1980282228 7491
1670839060 2392
113359943 20521
148650402 22493
1835286353 15026
734907313 10014
1332363758 24247
1446039972 19038
480245994 1277
703451962 6024
558376853 12330
1245762039 9371
543484196 12989
2078478803 14931
1433537103 12377
55982368 19931
1227525303 15811
1251983359 15983
128897735 8440
1246558742 24698
1842685602 12729
869626576 6688
254810706 8768
1254759434 18538
337667225 16750
815281281 16379
1822478262 9728
738775023 1987
1148756149 20889
1078913244 9688
1199381610 19138
1742804121 20229
1588498716 10160
1071216543 10151
1276205423 23451
1679342713 4588
1313492038 9830
1276829782 6868
812876718 9269
1490368878 11998
1262087358 17019
555102834 6492
2090428943 10507
1456136770 10566
468483474 14751
846722038 10096
2017480812 9845
54653327 14251
296860534 2855
191105055 11334
1817530266 9683
1109842407 21774
1317349576 14065
375927913 8553
1593126060 2242
331635225 3504
1285551102 724
25789848 11456
2092057306 14834
236944122 5478
2081644884 21903
1411828335 741
596896346 20041
1512690947 15408
523058219 19605
277531292 4385
226710904 9583
1104534307 22351
1582736118 16953
933504213 14299
368427239 16802
1457370147 24955
1369802768 801
688457915 23242
1120240299 18968
1519308444 20239
81730088 10457
314830401 6533
365551710 8273
1107130175 24394
1798253732 12388
936641614 24642
1717086759 17596
207752442 19500
1736061124 11541
249935934 3415
1200527344 9613
1000774137 17132
1933508388 765
377063196 14803
1379072315 15510
1089705283 687
824466465 14807
289156451 13875
2012278032 22939
660302973 12251
1995848519 19285
1108368915 19179
1583212726 18915
155353565 263
940957184 8747
568766848 3973
135141850 11041
1579479251 6794
1272726595 18985
8301922 6563
922964736 8763
1957726819 22864
1739892167 20221
2041599973 11513
1272284417 1772
206653091 5989
525500368 18676
336229157 6657
751839203 4311
510006307 7841
1540911278 13648
68664047 22423
1442763796 21529
652653173 24843
1450878508 20416
2113058696 21514
1945825589 15077
132405620 6068
694676212 20654
456186006 13356
53103867 19570
711580601 24578
1113891234 16926
1676798633 11512
1445659442 5402
214794659 16409
1636073754 6304
1274428287 20777
1214223569 15826
449579720 17203
598476803 24452
193462850 12336
1723790216 3808
1238589821 169
163878566 14174
2102922578 18262
590425072 11424
165959494 2585
434438332 16466
288226370 269
668562184 15939
766324112 23907
1447669641 7813
1827729229 21915
473893784 9702
1527494284 24551
1843057809 9802
1814652639 4340
575120248 2242
623907878 11576
290624314 10338
973209040 1572
809894170 11136
1747169781 4636
1515699068 3729
1640241800 20580
1263044720 15296
903575908 12952
2044363357 17783
642058617 10733
1301561635 6154
1511326234 17428
434818945 20657
863830614 9676
1493327442 14809
1544498118 8800
70662360 19597
1560723953 7176
985305862 13322
1018014145 4250
739346149 9691
1925251525 19528
421498901 3199
861723028 1618
1536521395 5415
314307168 11547
421665529 11620
1774222693 2779
825624557 1974
2068457465 4968
1103813856 15870
488366609 606
1793466247 22162
1603191445 17665
338944081 14509
421549933 12807
768698803 20446
1005317617 5315
1277494182 9113
270649384 14155
2081582374 4221
2064753102 3949
217317060 4102
1409623602 5523
1427724988 763
711919245 9461
1588289432 13123
618172355 7119
1112042844 18191
1940131091 4873
360313534 23923
1989631291 24918
1096910515 5744
390885404 14480
1172638060 16957
2111479861 6212
667257289 9628
27839654 8048
186808893 12946
1193739830 6091
2065718895 20631
1072554309 24312
900464364 7916
52172962 5136
175459773 9625
1119243067 23932
380335646 20268
916469924 12242
1446313128 7721
1311794541 18118
1339346607 15072
1808846084 19046
286346319 20542
2021254313 22724
1913908516 18242
1961843227 10880
420758152 11574
1707927804 24161
200734208 965
630045908 17516
597009828 1616
57435134 1219
1601598350 3935
1946051435 20634
1345508668 13773
1833842601 10385
1061669112 1278
1727224918 16811
419310651 24150
922187310 14438
364786685 15328
808854703 21266
1224915281 11587
147221852 19047
766906885 15404
117628344 15886
1819144986 1455
1741725396 1435
993517225 3823
2017497301 15177
1800255778 666
1266010842 3150
631470450 21809
521968711 3089
395679312 22172
786596133 16413
1688297128 14110
1105395963 2695
635241145 21023
1463930194 23669
1461890123 16713
1996939405 854
440961897 14462
818109991 4728
292400974 7247
1805490441 6087
1102612834 23486
1608568753 19364
79677627 12723
1615919056 20293
1939099481 24039
1315376096 14180
1209122565 20830
1569700819 5588
1130530899 544
1279810657 9184
250152689 5796
201018269 23832
309931631 22523
2063174218 10005
1728878802 10508
1677530508 24460
261769515 2424
771115916 18391
1577043840 16079
1196830845 20231
768402033 11337
2142714334 6103
805686097 8157
434190444 16311
1804064322 7496
842245836 24686
769740005 1652
1804177630 8045
1009983866 7457
247498412 20340
1563757318 24676
613325342 10884
661073662 15969
1635822394 19805
150298889 8418
825994542 1783
1032403099 15331
663920502 14968
1478802014 18609
1034456262 12144
1919579471 22539
2310293 13291
605736503 8773
642160361 23015
134949459 7270
457135722 3444
1189906686 23276
285100801 22576
803216202 11192
1084633636 186
1875524437 19443
904698636 9206
548100814 3332
1078491 13154
1021850240 15866
1688902755 5862
785257684 18259
654696995 22053
1161379466 24451
1786179359 16447
847033212 8936
1848460148 15457
435909054 15161
829012802 15778
678501599 1565
1405871473 12733
924178115 4755
1113858676 11876
1973324700 19457
741396500 3084
1247254056 14939
162584768 5983
1950680175 10579
614915152 15914
372569891 3506
1381695115 21945
320260052 19541
300385735 13658
1022812038 15614
1424308137 3155
510052437 1631
126910355 1472
1308149263 14143
1090575021 20081
1751726546 14820
346679154 21061
1934741919 22606
1419779601 5207
1259614340 20136
82611456 14322
793024207 21265
1580283467 16560
846046178 16994
149948234 5310
336168968 2144
944570669 9730
424512021 851
1558368564 17349
1417458033 16275
905998203 13022
24849584 4601
1718372569 19777
1072489714 14023
1703532557 10037
1772063464 18407
1488274247 13922
822405753 24301
1377614643 11179
1608678460 1625
753384594 4326
1122174463 5888
218243635 13290
1447947616 18003
524334375 1486
112039810 15591
1531869528 19277
400324311 118
860008287 16434
1655327307 1428
1053738778 1997
1781782137 16067
1459228408 16825
1904610888 24498
932299269 12809
176754088 1009
2057054844 22577
170966545 14682
572143598 24502
1968503769 21447
615337453 21920
786201100 8099
134838578 17215
1163816846 1622
116601669 21816
260089178 3400
36072702 20928
209698097 22964
1335096167 3341
1058844719 23623
1545544235 8469
225974719 18469
712854705 13771
1948539013 1633
1656602766 10454
591478259 22908
1500056570 5649
783823221 18149
1232719898 13650
347235713 1683
1672848328 19189
2092914129 14750
718741341 19887
490584670 18820
1868792780 20987
1056991972 10665
1874619122 23085
621593959 8362
48385192 23656
2135083902 23314
1996762750 18031
199560253 9244
472146376 9026
1548113889 12288
487126666 9430
373830456 18741
1142185343 3183
1466852578 6125
1186634454 728
1028369430 5217
1800922395 19308
99223256 3350
1961186432 6358
484951825 18171
1470121880 21398
1922127858 22015
1056230490 18399
1243864492 12632
1457445841 18821
402150158 19849
131231979 21984
665405488 23496
1852198405 18268
2103471513 24359
1957937626 20429
1017756537 23651
1749681997 16485
1838215464 2645
571825838 2585
517614836 15539
2021725899 23764
822409921 18601
884150489 1747
1023185 11838
1809259916 19920
1729610047 14227
1372747171 9138
1050616040 7043
1883849813 15261
508578418 19249
802829013 2155
556506843 7071
1349178605 6192
393982722 16273
1394827778 15382
1804668238 21099
1086729982 858
486909542 21841
1947146081 9245
823560286 7681
2114128409 20337
1683461940 1184
184702162 20572
377911562 17159
1411424136 17461
1518350689 17510
254722728 2220
906337478 4016
981003203 3917
845072484 21621
1214464363 12748
1631261460 17539
498371080 16420
2147355008 9609
81153052 13468
2063815551 10945
1113408966 5458
1068772562 22300
1607132014 6859
1722035049 24220
145181915 2033
1082794713 22933
1521218683 20055
211014223 18270
1727909447 23203
2104666265 21579
1443203541 11392
1082632659 24141
1099377117 23389
88664635 4875
2081276443 12002
417384922 13220
1159587176 8128
1600574695 10690
484825178 7175
1436491638 18654
804438956 10385
1889447419 8775
1715781035 19434
1708912661 12671
583446921 6519
1153853138 14268
630390094 23239
1363948651 16318
122392634 22029
1277072620 4710
1244078823 22862
1458074898 20524
1973903443 16116
1982427819 9832
890634623 17200
1950226123 17040
163868255 16394
253105544 519
1160422262 9047
460062902 23321
452360679 3973
677591402 12701
466608343 16796
622458292 18009
785089513 11642
1258055770 14163
695964573 23173
1251821595 23704
716629322 17131
731938017 8549
1483490679 9419
176053762 5281
2133582175 3877
1330367845 4142
456677563 2668
476247770 11192
1919278600 13397
380110698 9801
2083559047 4461
562368290 11019
962409168 19179
77778532 11569
794339432 6640
1439055542 6728
122682280 12380
2134263733 11783
1078367716 12303
1038703801 21476
1805710531 11226
474018653 22703
182670926 19139
1293579270 12636
472032209 10923
558344759 22221
721645619 21093
306139333 3718
2122461081 20917
364418259 1288
1377227565 11371
2005271726 4492
739356007 12154
1354420963 14563
510511281 4599
1551188963 22560
1510445715 23006
1994131392 795
2075694456 9233
506372505 13672
863678329 17221
1174055226 21485
1545114297 12967
1211160995 20640
59121937 17822
421638549 8599
760188732 6664
1726750112 24713
272983780 10853
396074327 5482
1426338993 8661
320869868 5157
2128096647 19754
412456748 24885
1414579270 13949
1638261836 15132
772817271 14368
3869621 13939
1439924529 9110
1417208378 15980
41197621 9124
1041277962 7869
885545355 12701
1799048878 14719
621739306 10453
1718438915 9445
238765928 3167
840956193 23564
1500629401 15734
1134070184 24172
1690238770 23206
173583350 9071
2022876505 22558
932279904 22400
1751748886 14849
7944242 15532
261843134 7355
858177528 12032
2022971104 7100
725437532 17799
1921213796 21452
1133399180 19024
1887158258 13837
2041685896 7817
637356831 22331
1662178302 16475
929325073 24294
1833349786 24111
11529696 3773
997635365 23833
810018434 11642
1830302829 22212
1717887413 11859
400553106 14733
654161265 9085
1389969160 15608
1780238928 21956
1725258995 14214
1663289530 23373
386828824 21813
1366434834 890
1743060677 17139
894998765 15597
873567722 3558
1322068524 7069
1805916284 12150
1422602237 4068
1596127161 12657
383838677 16770
824472760 3623
1060622246 23447
2018099306 13925
550301463 2797
1778139423 20830
1697227003 24971
1567885308 3092
72901130 21436
1974494834 13887
1572527688 15375
1937691660 1478
480272623 17822
2096252122 3711
415848398 20027
94571790 6520
544929543 3031
1872758066 24637
505047400 406
441015415 19444
1041930951 11554
969823467 21854
43419533 20505
1383700100 6872
836703125 20391
256780564 21593
836073963 17334
294187392 3179
314666238 2197
942563408 9576
1111481486 24440
443876911 96
1208665767 2535
1317417918 6958
1646943536 1628
839597298 18079
1435065808 12073
1607946977 17208
1537533795 11533
587179033 17274
1008708345 17961
670264748 17821
179963533 9733
1430700506 17752
1718964733 14228
1081979857 5207
1507559328 13874
973470136 12225
213059471 16515
1564439265 8071
543456986 7344
315200439 18053
137005063 24714
946318647 16480
1704631113 21888
1447397823 12498
1149755028 213
1589096159 8940
1449047808 13561
184987447 8203
141221430 22405
444960169 449
2139077700 4436
348037389 14914
393051283 9228
90939639 9675
248098084 7158
285007273 21089
1806245423 11403
1723242629 11821
226588476 22252
945559898 22915
841910354 15501
1336997138 24430
267643235 4853
2094922956 22616
885608383 428
1513454267 11894
557439565 16746
1559379668 19544
346103092 4135
1123728081 12631
2024709790 4749
253102594 11754
183848707 17319
275379800 570
908098874 4114
86539593 7099
1679428772 16708
685715587 13637
1785534162 10682
1065274100 6174
365481676 123
2037329362 859
1938964830 8558
1320385554 6544
704619506 23510
1746459252 18729
2106761056 20928
545361785 24187
194569829 2766
125746097 9000
1489099956 1264
1008882406 4049
57732812 19634
28756367 954
671214170 21314
259622268 9517
1953658510 2423
709321385 19357
1120433324 1609
833166741 226
381162209 24554
262634592 5954
1106075850 24963
445306413 11705
1288951550 10019
1421987577 8690
455373877 10994
483966841 19748
1850206715 7642
192239666 3850
1373609045 10875
391742630 7262
1825057193 13956
573136343 7304
2072043997 18175
2708285 16073
820806091 7960
1366028648 11767
62410199 6705
705433708 19339
1746696519 9848
321493600 22955
15835267 12609
400267617 14064
1568775391 9585
518286233 5139
527912388 14781
795934867 1169
2107129577 7384
2144628246 21947
105859110 10764
1692315540 9600
2144574526 4840
1062613230 20350
98786088 23524
2119977075 8300
605507662 8263
1777936518 15445
232353630 10122
193328579 10019
895413104 24356
2065105438 19929
204207372 15538
1346156019 10985
573728265 8836
564476458 4104
1170952297 2779
883536372 16707
363872809 1756
1499450773 4689
1112639934 3094
894677680 18676
83432280 3282
125942757 14933
1047974088 16943
1323569916 6702
1544212957 3033
1610757436 18965
1588625106 13527
166747818 13260
226822066 10724
1469563468 19722
2117890107 15953
1207515573 7821
776854976 5062
413574091 4403
73187323 22351
414136082 10767
588080600 18553
1181935511 8826
667163481 24678
722922441 10540
352013851 470
140978228 12925
715329463 15984
693096377 16696
189098636 18790
1362392281 23250
1096445240 9807
50333548 22962
183509635 7914
1824037671 14735
874088501 20603
1309664627 17940
1260764426 22061
556171220 14603
1744530543 15650
1127103056 2092
803030674 7752
446110179 23847
1955959732 11966
2015775534 19064
723877212 16081
934510779 24113
237127381 19317
1429618911 20262
1372535851 17565
240546213 832
670071785 11460
1194763289 24775
1522120465 17931
174492155 21419
1444746222 5912
1459237177 4695
210316224 332
555430412 20375
900711702 17857
930630313 16806
1363852944 9213
704882981 14243
2060071214 18674
1574855250 15015
1830120777 20296
1361586802 6259
794854531 1790
1083811768 23391
1949898123 3016
1676795511 20651
926735032 17500
759169569 8752
370238054 21618
2114906278 3384
1854956226 12406
1501343233 18434
1393847055 15363
1850769667 8625
1560991563 11975
572692008 23205
1172013253 3704
1058288176 8398
1357402861 18446
1246834747 15263
1957084066 14039
1219668689 21772
700629564 23203
1788112700 7990
1413718814 20154
1277440639 7393
369442985 13322
903987526 18554
1736029019 20922
1064239801 590
81621771 13195
266847096 8847
1392016033 22597
1551007639 14008
1090972020 16161
191776322 16315
1614228909 6970
23653514 393
407587874 363
1315402407 11503
1025136356 2349
1900638143 12648
2062183494 21643
39813787 6598
276500521 19064
330294215 21223
2008958383 24656
756368370 5873
1241657482 11319
1395294291 13345
798782871 7065
791054344 12968
886683395 22122
1561504223 5081
551861920 13574
1951921514 23528
1633491544 2063
1975833415 1116
1825331020 3160
1653230530 15621
2091300743 705
1134655939 2135
1054582054 8954
466849377 2257
1865350326 3887
1549052835 10003
1446788917 12693
594982372 12530
1025379105 5766
125829343 6169
1532843546 11790
1610448 14093
2084130888 6946
633581580 13594
1014436459 295
1575004489 13096
1749004374 21130
1458611589 1242
325650633 104
1663158844 11662
359994507 14193
1893139184 18692
431710338 14919
1176264543 15789
707263491 12785
2015092458 20799
1060016080 12713
1030640947 5841
1075315451 6760
579784490 16925
1270678407 15670
169157807 16920
155461820 3433
791297156 2311
739408173 19167
1782061675 11685
989128714 1654
1037299934 16024
1628645627 24026
1719665234 3425
1194765911 4105
1005449398 2758
77252683 9400
905927944 24287
1875107502 10691
338102007 4104
1168551587 4269
1576811361 17939
6775374 19198
946815350 10558
408767099 20986
1311062486 17282
505675905 16603
401452760 23425
1789069510 14732
1202092999 7189
1846461989 16529
899215069 12906
877108625 16119
613766621 18509
1910585031 5553
550904230 17789
1623228954 7583
15164953 21732
1565603911 1765
1666412847 10464
1745579105 14825
1010695130 2262
1759103658 4802
2129602762 22636
1782815465 24377
2095675681 1485
629458363 21484
862141653 1391
1135795311 6449
1231090399 15379
388048924 21405
381818405 17939
1082349788 18981
1827598611 23485
1296633948 3289
2079813048 15199
1125807103 14116
1103640431 14868
1369262883 1840
638223433 19137
1291106923 9597
122912477 15165
1357599145 1057
247932717 3742
769632385 9666
1696042416 19135
1119480552 17518
2009941812 12400
989089874 1302
649754537 18616
115651678 18904
1433479239 21826
276407130 5662
304459939 18676
2055786848 23196
535500607 6993
1417487513 4720
966018284 1183
189576871 7692
2084084881 2000
152208349 15233
903870094 10985
696667705 17401
1115335601 19362
1943418960 4147
1800763389 8327
1736576261 975
1520419342 14433
346915008 19636
2043593926 6952
849743803 10733
339889519 13410
943099843 3637
1994814860 8455
861926523 10233
1180729204 10895
1284034209 8256
1360768133 24757
115246976 23646
675921058 6824
1987403380 6146
538390577 6453
1815048398 4160
107388252 16711
1200279478 13502
1683335350 21689
1104863911 22942
1451120106 634
1622419052 10728
1480123688 9585
789640389 13017
1514284224 12757
1954151064 9804
1855966689 21490
1764465603 21441
131336557 9348
279413872 24022
664315282 22778
1842901585 12128
375452401 6116
486784865 11083
617789231 17968
419560389 231
919374021 16577
415930870 11169
148480020 14326
837362694 15369
2113484174 8696
820450424 15630
320200345 8100
595467558 17205
1233203429 6577
752656560 14029
1140746400 15216
1171917433 3498
1393372542 21041
905446289 13561
1748728121 18406
1616771551 11043
1110659322 24101
781392209 521
2027340077 9474
2101454932 10574
952770137 4758
125371672 19057
255076856 15475
351751552 8665
277006763 14575
164644192 13465
967097390 471
1644992860 14900
510797636 1984
755439375 3131
337803531 12954
1695452543 499
1581787299 16664
2083722067 10184
1888662945 23368
68941228 12119
295113889 20233
917096721 10239
375676380 20960
979874158 17392
319741599 4357
1473779783 18310
1688319658 30
209536428 151
1475884867 20423
2034217343 6737
1830425422 8001
458546463 596
1876400217 3375
1018943203 14787
949858753 21394
551630378 24784
728608386 11505
1919316000 13532
916218039 2215
310764950 10615
1724955740 21634
759380610 20166
578237653 5620
213246042 18750
109381761 1370
3452105 2127
906026205 4193
755076246 14886
1514161293 5170
1194999875 23248
1810638527 9072
1669560241 6025
499137752 16435
158770157 10925
1811217813 14606
955120081 23424
378491719 14286
726131365 2050
1778560237 3514
1204900638 3368
872698563 19338
59713051 8531
2056205579 9212
1442825643 11005
439365034 19585
667466988 13258
1487397017 24189
2026697573 2693
245462765 10335
1366545766 22448
2013840007 5071
39812145 12238
965915392 3240
1328446829 1962
478361810 21838
104485606 727
814782596 14428
1288095348 6437
390037543 8167
1878127844 8839
873464540 18243
1110018079 2127
2122430014 19689
137341974 22526
501473385 14446
579706857 6076
331681591 9110
912840227 11480
1216662835 11945
1092908017 17941
550754379 22137
734539734 9292
1701033628 4376
1997869037 3457
1986181755 12412
2026456615 22340
895190305 15580
288441194 4468
1998569354 11231
942948740 23065
588942003 703
1141691642 4670
787308433 12242
1798570637 24936
1977744130 13559
1510663637 9621
1530024271 1297
1812215406 18080
464721083 19628
467866879 7171
52948276 2998
1804006223 18358
2094126019 15778
1165308320 20868
1542516255 15390
345468908 18451
1677402876 22841
1251277716 7570
172498650 16111
335245157 22605
1792465335 18610
1563890682 21096
31817644 20416
1833546047 12279
2043306441 14253
535205428 13151
1800084731 6664
640912148 423
823249375 24850
500803243 6715
754199257 128
1748440184 19310
1784866346 23692
567877366 15806
431070679 20195
154156838 5973
1699442134 16293
1230495580 14531
1563031731 19798
1767372705 10363
1433378548 10724
1125135735 14402
1359146120 20990
1855308794 3297
1402026014 12182
2128954466 20573
1190795229 2085
1493265680 91
1392899308 17584
250254732 4468
1475734098 14134
213308543 12835
141547245 3046
659575173 14065
1374492989 11781
731635679 1383
1813123629 5073
2119740235 5293
370616383 18636
1174040748 1512
2063432250 15168
419045053 22676
171692877 24185
14928974 5848
1415151086 6413
1375484928 18675
1426719175 17008
1856612284 3544
1247301815 10300
907243990 21688
152503448 20712
428857309 8457
1048847329 22642
881252373 23141
1108472712 1262
80530342 20060
749794681 22360
546761068 22264
1261749732 4068
311320002 24597
509397029 7711
1222677649 9184
506945952 1458
636336320 382
1507611529 4684
1142929042 21389
1905181493 4833
536422997 3391
821448863 8265
868309551 4153
739793347 21225
410818264 4142
1475490195 9422
498884837 11500
968176782 23286
1546053404 13538
545404603 4304
1664281212 21878
188027024 13498
22446050 12711
1613442585 12329
278578620 15825
961623134 24214
1832485876 13310
10998966 19956
945514746 21999
1931536272 1419
1486860047 12431
1379794112 20834
305437758 3605
2105679275 10837
1323450589 9641
1483815368 3335
980209076 5895
513450211 24208
70021887 5056
1738059213 15555
1544836105 16832
1254774099 16067
1475197387 11452
548171245 8532
175210971 16202
90053814 17076
1633711212 18630
446046030 14406
1711226649 9220
360826811 12905
1108128972 8090
1995932449 5395
2016272462 20942
566119376 8608
1601808873 12150
1670337536 6508
1097735409 1376
1933304568 21524
433742491 18218
1043580584 15621
872796552 16352
197647290 2777
1434621671 21150
810368174 23275
226068904 23968
1956169915 4850
1053333023 13213
826970616 20376
1290844460 5661
1850942908 23501
1083660494 24509
727783478 14757
349922461 20843
334069898 2908
1808268064 23755
802027638 12936
776529358 6136
1107867232 13205
32867199 2999
85746798 23359
1649909534 21076
2022109378 10469
899315966 20030
985566360 13992
1961909722 6950
841267841 18841
1881994879 15178
1403025201 5848
1900947151 20984
1846807005 23611
231573003 9148
1582930590 23513
100362811 21510
589996110 17501
519156788 11321
251694981 10923
2023624620 6981
2093171158 14415
40050078 19335
606355457 22443
161926912 24435
1706557657 13816
2105988785 23460
44257978 3182
848448930 4995
1808218095 2378
776489754 12291
1243054694 16390
318496136 19536
862045971 13427
1544739968 3514
863850973 3542
768243065 24105
675736247 11672
1403807791 8139
31270998 10525
278458487 24282
1753841754 24037
152889343 20954
471286839 2214
1088785648 21241
1222181686 2831
2001662902 3346
1005368160 19033
63482717 2146
1258930886 15876
64990491 15662
1860212247 10689
1890825101 7309
927399375 17865
551593612 17110
1802185782 15563
1702419921 2475
1781674040 24236
1676100390 3003
1374900384 9265
798517719 11007
2101553868 12348
733889783 21194
881391315 12811
1782008360 6758
487171138 15307
766234038 8079
1957958899 422
917348145 24238
553574574 17679
30420761 20344
1583066476 10884
1616257094 14086
2041556797 14725
1325043771 23657
1709860420 11284
2089870647 5418
891175748 19783
2104957141 24477
129468760 9190
1922613030 22356
1583997200 3903
765740410 561
300233012 12135
626508149 23645
1320924349 6094
759441831 16718
1191739836 5443
767521947 24948
613056190 17141
1451532986 12366
1708338074 14460
1341284311 2649
1819417809 20817
227710108 9807
1252509655 14369
1155313492 9165
1362290391 3463
176619222 2973
969571558 20649
931053934 14876
1199621196 11426
428128446 21260
884844888 24131
1055012767 962
1160087489 13121
376340304 7764
302888194 19037
241936475 2693
1387713926 5124
988661068 23881
55915713 5075
902369170 14840
1246166110 14250
723741975 2690
851029895 9984
2047917110 16344
1721804661 6587
268393984 24617
136979637 19347
159707060 13563
718334105 4105
1319411313 4828
1683442513 15197
1792268918 9553
1329943362 15901
143957938 17272
504688403 4474
579948678 16679
1354155888 19387
2105838276 18057
1823004998 21872
1378456339 2798
1910456062 5088
1650171595 1808
1972973531 2277
939719424 5063
1096864192 24904
425856064 7458
1244111821 6737
1190444753 815
220575901 10628
683278438 1232
2037565561 9099
2133107917 1246
439192358 9319
284262708 3657
1474634251 14761
1240849670 8488
1274736766 8087
629312819 13121
371364236 1636
1406453334 941
870383875 4159
1975952702 11783
1885384412 16130
1859934377 5204
1479171717 1422
14241423 8038
1782563194 20877
654831935 840
305441420 2549
1902866181 480
288883826 8196
1930562958 19541
468770457 18511
2098402452 5838
1856530533 291
595018538 8072
588691873 21412
18299745 20743
1672232391 18100
846053675 5161
1609532029 10200
1531249740 14745
1346963591 24720
700656366 11954
1407111564 8886
151858670 8586
486643141 24968
1819013220 16880
32194206 13861
1423270296 4772
944483977 1436
392509707 8704
1083413801 10698
2032992662 21215
1341980813 9310
1963660902 10015
495328378 21773
1933334377 2625
398277207 19545
1943660986 15093
1786018025 7001
957579974 22288
287719252 8289
2065802271 6220
388270064 7075
1735609985 806
1962848313 3794
1280166471 13333
1906055467 4314
616508938 17302
2068428238 5783
464049755 18869
1359791625 17674
1381721321 10215
1380242777 6914
1491099663 3004
2043536081 11284
457474120 19877
1366706638 2012
1614276814 9020
229335412 6793
1665919392 1645
991477559 3634
1777404868 382
1707112760 1095
1770529443 2177
1767308010 19870
2000260202 24753
74074307 17108
1086120637 8951
1862785390 12871
1531733662 18647
1905169379 1333
440079868 16426
1529408991 10632
190569510 21837
11564328 23589
1371073096 24115
1210995862 10380
434854085 583
1253388152 17644
1814343178 21999
2008168528 24269
807539354 14745
77815927 20936
104827347 17177
1333943890 8987
1606845712 10538
313524024 12163
996044871 5875
664699503 20202
876686874 5058
248788095 1805
1895179033 3849
375785433 11444
33990552 19232
821397034 19437
642606626 11406
1080144787 20148
40474894 3474
220545006 21646
1880971002 441
2094213999 7949
1473149278 13734
256172955 23729
1342858075 3532
1159776931 14095
1050243604 10987
726274409 23707
318163701 22729
553619988 9064
355335857 24994
1240598757 20526
1452481861 21166
1075618780 7413
31271203 20375
373844990 23196
1159144381 3326
1461352949 10023
1145876692 23539
913038138 24526
1614226174 2022
655855110 12635
1900067248 10391
593141160 18590
828894115 9357
1451959361 4848
462021423 10594
1839272795 23409
1586365738 7941
558912022 19033
110989449 2790
1950035254 9009
1600270165 23892
1994180168 20553
465236353 5792
503305362 795
810768629 13128
59078643 10691
20330299 24028
880990872 4130
1253587299 8772
1977371940 4917
1755053486 8796
148012586 3274
1291001831 267
2041411541 20564
1658745126 12801
2145139961 23982
2117463797 10773
1555648216 20706
952036320 23353
2067844462 10003
63308183 21505
1567170541 2441
231804152 11920
539913093 6529
2118525199 486
2103876477 14862
556309011 5890
459209045 4828
982596835 6177
1944922068 11078
1325375097 16244
289289965 24505
527394505 18847
55635093 13263
1807017583 8958
1743750069 9270
1961270286 10446
1389037120 13024
1702352541 2232
490883566 20910
1036356970 12313
170972137 8363
742170081 24132
235509476 16370
281126751 8491
1798676082 24249
792908757 22606
2129252962 7140
1315250815 12380
2104435785 24622
1994922589 20209
898791991 19392
684377119 6057
233410074 19411
746602096 23694
150010419 22301
1704464653 13096
978228544 8956
1348026330 11856
1739367072 5412
156116938 19258
1655649198 21035
74107050 5964
469285707 14060
592758363 16677
1604335906 8172
25045404 21986
1912222908 23752
215517821 1018
823991926 15402
157750510 11513
1256358368 16798
1391238251 1472
1534246385 2680
643824607 4534
1763489908 20995
764277247 7594
1112805364 1850
1338673723 2270
783920209 13688
145324871 12756
1976236019 24136
2010552762 18856
1388208195 2942
1022886690 10448
900733153 14644
2042654639 5082
85984371 260
75027430 12187
1187633326 749
1664916214 13324
16858376 15866
1307254696 6877
1818222375 9872
1862473544 12860
232960116 981
1781124060 10935
1041891503 15582
1321141222 7343
1694570946 19994
649035138 13481
1468769599 2542
78014635 18287
1856216681 14648
912958371 12483
701318773 2615
1825675426 8667
20146579 19713
1706188196 10632
719194264 10487
1413156746 20191
253331790 11695
741900507 24447
722898105 15078
131914257 20173
1405861103 12910
1189178240 18954
636924786 5391
45148846 13293
1573018171 5835
244429893 9389
2123637655 20389
927631458 16541
1210441321 2436
1198537021 16486
1490775010 8296
1352720167 8098
266699711 5114
1317842939 4440
284361599 6323
1591646571 571
1446084447 22154
245384115 2574
981395942 19190
1450860461 4792
2099914110 13928
103929881 8940
1613807619 19865
1840499965 20684
851568391 22084
651476200 7690
229460502 14028
1116623696 12648
1416504402 19657
1349740784 296
921802163 20807
1537280142 928
1052427782 18449
1608578765 17679
719458392 17832
108898135 23901
1358701585 4309
138932001 20667
1296397578 22384
2141429987 5083
1484690870 13248
778755862 6753
760078786 6877
2114960725 8047
1670223352 20670
260279045 6014
575671521 6877
893513287 17290
1354421982 8707
30509705 18327
1453491024 13803
731956267 8579
42603379 7621
623657278 6049
198926098 352
1391406780 4193
1666202734 15357
305771975 2298
791964812 1821
1796266042 23391
258298465 19301
1137448074 12189
524573897 7185
1952382724 21656
1691836458 19510
1603164380 20726
980724467 11353
1751533035 5164
1586114932 19082
398297516 9734
2106017457 15312
2108126733 9526
1791356647 3620
1714988166 9188
435805474 13444
1069020124 15872
1444681515 23210
1723899438 17780
1758963632 22508
280741280 17208
941113104 5680
1927467514 7693
644590728 23853
1009358526 13967
1323062760 24759
551255373 1207
1994110762 14227
72785084 12510
1802011142 4856
624134403 7448
1400808492 21069
318811230 20350
527437458 12568
1160655116 2183
1176039491 19337
121450297 6835
797179752 17796
1227424621 12476
1768445372 7453
582373682 12633
1964707356 11895
202767404 10491
2008570488 1713
605002821 21963
561179790 18422
1185807865 2638
371546290 11247
1996417188 22487
682869592 660
779310435 8335
1663412799 20287
1531952655 23785
1700224251 9456
1105890079 17754
1641222729 21350
627817279 11757
125897731 2337
1027755179 15016
771750148 6613
805814804 13651
1633389373 8059
63385515 177
184276212 4257
1751007758 6466
530800493 544
1838282326 13148
713183110 5760
2139479093 11788
960089574 18828
1648095869 6814
431031699 22015
1702648151 16924
1666533212 6143
1203913321 705
234471595 15086
205055281 4243
1354376501 6536
826982200 5448
849650148 24061
1252575163 1935
311305421 8459
1695040473 16512
348321679 11370
189655346 15395
1750541190 1973
1030567611 2868
843416565 7168
351854878 6800
1867394220 11425
2088697361 5544
54502087 5872
2069979849 15358
1015449474 24434
290343083 7312
1226155898 24809
2098232695 19131
816522543 7225
1417022510 22731
1926289216 5249
520714749 15969
643634788 11248
1036450606 7016
2071800702 24254
1930528845 18184
831717084 16028
1568470153 14029
1078696446 9033
359210884 2825
1565134118 19445
150705071 3502
1977599965 20486
750827583 4385
1601632280 6528
956914500 8536
92475627 15839
1377014049 24085
909164842 567
1867090253 22244
433416586 6640
798876993 7828
1888782065 5316
1220627618 1258
1913650031 19559
1256965585 708
12334210 20517
2087359113 19180
69559748 16658
876696505 24519
1208740150 13483
200575263 21415
1997153370 23514
2029493946 15464
1006274234 4319
253813569 11517
1192292832 22152
1671934145 24744
460689200 19869
753465488 3579
212995570 13411
1978704796 23250
217505480 5336
734018998 19629
1536826449 21721
1864605259 19607
688878734 3452
1062425695 8541
502077285 10830
2038093682 2714
1788185684 9414
1375459064 11478
481006942 19530
78577658 19394
1490806260 2280
892744014 14364
1501534251 20485
271575190 20274
304403704 8392
332066255 15856
1329587095 9386
519343982 14727
1557179486 8226
717101443 7179
981721937 19848
306350786 21845
279339598 18305
1050663717 6644
1060846008 1763
1183320227 13586
1209357387 20710
1814880537 11093
1514810351 19390
1709111486 13298
465570572 19602
437767715 10140
1433843724 18993
1483027803 2443
1539309136 16771
2034599441 11346
2113553540 4467
678076653 1143
228061903 3146
1970157961 8694
1962045764 9508
2007567714 23245
264365036 7591
1086074528 7691
322009971 20804
959509125 16029
1605210488 712
1943444170 2511
427262221 509
1342224386 9214
2070781282 2165
2090661300 21752
1133881513 18359
1334195868 4570
713704425 8116
1653944364 17850
830906871 6986
1556842035 3679
1784079361 16856
1934066011 4691
1564609676 5312
1331905656 65
70931334 4150
1924278105 5307
1865695972 2948
865937004 16743
101950323 11372
2069819524 11170
756630267 12808
1748591508 22890
946569574 17006
1622432117 9874
1778735322 11296
539078841 21703
1873656379 18922
1065571635 21784
38827088 3405
379703590 2511
1979289374 6267
135685602 19915
1342715529 24603
1845567151 7162
1163244186 6583
413292611 18851
1213703060 17770
185670588 357
189331084 23820
1440442173 11525
913697336 14556
1017587366 13945
511543391 11967
903020914 22841
1373864520 8472
1022619547 15143
62144957 13382
508652207 12943
172292115 16393
245597294 5910
1114434231 14523
880194812 11857
182598411 9982
1006735630 22598
2126676238 11558
1509941503 1699
1147340120 11418
1554190330 21407
1329593282 23487
790266367 6910
382447113 7960
462871307 9031
1215474807 16765
1422570819 7111
474022423 8503
769841507 18226
954174086 7786
1178795784 18311
1111989555 2875
1869152832 24850
381554897 1552
1372464369 21383
179172821 2410
1139350061 17290
1135038457 23875
715418372 15152
1310903850 12016
1706689586 17045
529146047 24855
1478172144 18787
1225157169 4357
337771044 2524
2115480334 13098
1016274826 18202
1359775286 19351
1959661172 18579
1989416543 17841
1467286613 9493
1918032674 6537
1535662765 11275
691915431 14692
1633816814 6791
591569216 13023
542808888 24129
1798255090 2660
265113389 84
918115227 773
622955969 13048
428232398 9585
307749598 339
671918448 6198
250374575 16050
1756558055 156
1439680136 11925
702997487 11369
1807153731 23558
362857198 15452
1919432942 10123
215120298 16382
2105187523 10089
2112487959 4963
252611783 1351
660202914 20875
728643799 19827
1746528156 7662
984094446 13926
868457170 9680
1796257059 10155
259019879 8185
299218500 10691
1806517188 8130
1739167945 16048
1032343632 9487
1134115331 11842
1524525917 19495
1138518148 13149
218259631 7052
1121401162 22873
1094106395 1711
227095824 22245
2050903467 1163
1867177814 7239
317436996 4405
1110544905 12157
1957557227 6822
773040971 2757
148545165 6510
302735498 20858
206559434 18367
1855116464 23905
325406543 22611
313646363 9096
1271615 21257
224502399 13579
114608135 15001
1878500456 18416
23491369 6504
1078607983 13957
153842246 1881
594836962 1655
267900452 24017
1428014891 4738
438793489 13640
633522077 11200
41419736 4105
105244488 22384
937716669 8023
313955272 1210
1925776257 21982
893634982 12358
1178167758 2825
2005476331 13153
1248619191 17988
1664514122 6376
1611002079 16976
1624996639 652
537896727 10277
1523313369 6326
1103706374 24022
1964610394 20939
1767498812 20166
1524644507 13768
679845480 21412
551395593 22412
1072496572 11401
1264720419 12643
350765700 8993
1521662237 12982
1708390681 15605
1132596021 1128
808525350 582
2122986293 1241
2030101885 3829
1198627780 23148
1321427306 12122
1422817207 11331
506493254 5069
1344889014 21723
143742185 15163
903031510 3103
851112943 22856
1450632576 1104
1618279707 6786
139635825 16028
159027217 18400
1267192916 22706
2112490026 12244
369793758 6243
846492105 16155
1851032213 5028
498794112 6411
1825325205 19196
1791589277 19038
1209235767 13698
1070624184 15612
549593499 7914
1549462240 7562
1422698343 18031
1427201611 619
1881540642 12093
635143553 1229
609434203 23605
1725265147 16478
900234471 12680
1015187668 7620
1344531414 1046
1890997692 17426
86449111 9290
1729270367 7841
1804876655 9191
1744840088 1923
766142819 11187
257305602 13717
2028053201 9175
516439438 666
1917089993 987
1167090610 6264
1513910443 14290
832511256 23931
289944653 4579
1521018665 15191
1329346269 7480
1103456018 16669
1662540545 18502
1722942375 6140
618458713 10920
1195660682 12740
1817096019 13199
1469423843 12471
228892663 10461
814316581 10168
1272479139 23764
793378185 479
589555615 7954
1521040996 2216
421000924 18330
1156937236 24099
1255308025 22186
1306510419 7574
16731226 24174
1150592497 19514
1387911837 4104
825027593 4054
842154530 21778
2081154997 4947
1368469990 15045
1423271024 5362
538754525 13248
152988179 20814
1118111791 21081
1314586710 18979
1227893146 19476
176014510 16115
2113722766 16820
1954161551 5259
189973938 7422
2119961549 2854
1097099612 12115
668055019 16970
1373867915 11395
155043531 18619
145670790 6744
538556513 10836
357646373 12225
697562979 20944
561614469 18022
1398893565 13401
1957289739 3998
1738934885 781
933329986 22865
1624116970 23788
1674252893 3704
1797727672 17001
1436511692 18603
415833264 17942
809260688 21919
1191574171 2111
1191704643 1886
697415945 21291
335321934 7408
1947477280 20646
1517905387 10551
2089956825 24317
1967438133 12413
407069425 11443
1285804162 11037
1397928970 405
648530222 20738
191027576 11618
2100336207 8594
838504416 17219
1467969302 8160
1347149044 20357
181932761 7770
326288805 8920
1537074140 9382
375432529 6084
967718317 3437
1470775563 2283
2136798856 10469
125857335 10362
620068806 24340
1185826076 9342
849941921 28
101012677 21044
1495071351 3828
86854851 2032
1289001929 18790
756747328 20879
1821300962 70
2084576834 11775
946137007 12438
1656089828 6017
434746093 4376
2046392129 17914
2039240280 13688
831939528 22804
987156108 19170
451201408 16116
489442704 23732
1606861304 7210
1285626689 13361
2060708156 10469
57190422 22638
128266270 11913
12259338 16249
79438358 5192
1836704574 9627
963926340 22148
244740791 22407
366530607 9665
1033544501 4388
890961185 24928
1573028471 10307
1982220367 12
1696770427 2895
162809984 9797
991775053 6144
390628009 16652
372072015 19708
239283607 12751
1061299424 7536
816723562 504
1113502537 15654
2085578909 3708
277523560 15037
549589492 23128
194886785 11620
2041662336 11289
1209008703 24570
446003606 5726
1217763907 16062
1041794503 24848
1642903377 3373
1535844333 23381
56813360 12602
2049452824 4461
808527505 11413
1758365109 20917
399058605 8883
1352601779 9415
92701288 6801
832211192 8525
2087127022 18819
1780285376 11657
1582687720 1209
1621286179 7363
1902145911 12744
657011096 2370
933400940 3996
434111627 1878
1191250730 9444
394324225 19635
18005555 11016
399656452 19703
1445027982 14962
784549526 14446
95772459 22964
2051908971 23090
843344335 18377
1849297439 17523
844043815 24984
1919126829 13023
96176033 13210
1327708502 10064
1519112067 10613
924794011 12023
551986842 5775
528149064 1520
2102301281 4485
2047774197 12680
561796426 23052
2004027118 5717
661980306 6101
1633188426 10169
805271784 16138
2137159284 16735
140729320 16441
1589564314 13639
271179726 14578
437992806 9894
703139156 13303
34368259 13392
1331372420 53
645319042 20018
672656142 1742
1159544512 16469
1262191291 11906
381058493 21424
1776686150 8804
2048451074 12984
836831565 2328
1340734210 17251
852114764 3205
2117901841 4541
545405748 9807
18669950 2027
1836646381 12434
1786480013 11259
274350181 1053
1349507294 2797
1901604222 15859
2095638462 15324
1103254938 24874
1425591760 9976
313832710 19454
1934179033 13361
1848477883 8266
1193155187 9740
1576982558 19891
170984235 12988
610101206 15411
460152259 1040
648436984 15407
1892856081 1579
2080016624 17246
662662005 997
2104769264 2661
511760327 13069
301295587 12740
1397097773 11460
690411586 16865
559714462 12346
134639984 952
650058955 6354
1192372735 12137
510204892 12464
834168670 261
812775474 9450
261496737 7904
814565790 16964
1872995924 17303
1375738073 1784
1387699402 4009
220239371 21542
447049852 21153
315496984 2707
435800414 3897
1308802396 7647
1425887796 17831
996446195 3846
427405467 20836
452298261 19230
483141822 12150
2094894694 14110
893422353 19449
1931137716 6492
195691966 12316
1242056629 2808
1255516635 6509
1523116344 20696
1944162644 367
1109478983 24818
1180167405 1589
211614364 13749
1486417545 6989
1993337288 21568
1635151700 632
2064664843 1392
2026877406 2031
1812991003 9734
1138121054 8442
533790437 8793
908696540 8760
1340845387 3115
1505711190 19565
1707684417 8824
1709924843 7084
702443910 2425
2137348513 4273
484282915 608
1328764309 22555
356728561 18954
580656217 18819
1463561304 9095
444318758 3882
1098904533 23146
1432482866 10696
1563772397 19402
1219092493 18054
1954759971 10114
956709318 2274
272362515 24167
2046278506 12075
1078634992 4064
1241242618 14271
1371076337 10349
559830194 19278
995555708 5523
2122085947 7885
170128704 23892
781020799 3258
1689939509 4734
69748806 22942
1675829437 5036
321648614 13248
1229369002 13625
1634580250 17348
228861674 4454
649759839 1406
568843850 11274
1043364702 24846
90900252 737
2015163472 22515
1298800303 1593
515273542 23099
993985442 8288
426038304 8102
976244064 14164
1403506391 8964
1234602911 20598
1129359673 3344
1371479021 10411
1016151970 8630
581782226 13516
1653441732 11789
965662835 1742
437233013 18153
1765676486 18510
921079199 14161
2085030247 8544
1041929826 15944
2089970656 7706
1896749225 5360
256529305 18829
1400884991 8776
202210578 20814
2105860613 8414
1181399029 24752
1419353547 18809
1690855236 5455
560939047 17109
790664112 16864
1075335483 5776
1978738895 22644
215447229 7643
1181187711 7282
474901187 10253
1854584399 6750
781393918 24203
2035938987 22145
755003843 16956
1159521400 22970
808459374 5324
1892482124 11471
1255864288 5484
870413916 19694
1628251413 164
1778689619 18484
1437183354 14897
433108593 7022
1737122164 9090
604542655 21204
375829794 1868
604024580 19431
42592686 19103
293108581 19093
88297484 10562
348213303 6525
1865581143 18121
617594326 12729
554381625 23843
1979741502 9388
1041920536 7060
854009017 18667
1878587586 13332
1344970341 18939
1546463220 9241
342653318 735
1112855458 18505
2126913798 15852
1231872201 4090
980198002 647
910246274 1445
661205237 11796
415120196 20228
1860088412 9937
78055582 8419
1985733896 9146
957538012 906
1052962817 21948
1319870562 10237
303616281 16894
1842357850 2292
153548873 6627
1219582334 17252
820961589 5055
41996144 13524
283089412 1168
1383635780 5188
909565892 4522
1195145111 22183
1316997059 6492
1803381319 22292
731678192 22165
1237162433 625
55170884 5255
518436398 7090
1985341535 22467
276548718 4833
942252739 3905
1974098401 15313
1140697000 14573
1874316660 23357
1266518009 16617
2100427806 13077
1036231004 12278
510878892 20041
2132752020 16932
1967604107 23002
1197597324 5823
1766727427 17822
1279299145 11685
799725442 754
341002101 4753
1578911612 18028
101241935 21346
236310151 1579
634217082 6893
254780231 1600
154436887 3113
1123323026 232
1394277907 21362
1705988520 15860
348069667 3976
1786170346 19225
1810404144 3052
117745925 9736
1617328253 21458
596956837 746
135333734 17300
835880973 17333
1347098683 7382
1648732817 1687
815496769 9017
1364791648 12721
147418818 11293
813197365 18647
1204857582 16578
247890521 24769
1907479395 11653
1160710250 24920
1330761247 247
797766036 3308
1037730661 2210
1732636014 12994
1826010074 758
833617006 6134
532909981 1008
891632164 19636
410728959 10807
1967019134 3915
268989715 8779
2057921632 22485
1309649294 24815
1167737190 21183
1162504312 19082
1574654746 22835
254050631 23109
11160201 3395
1981515921 1435
1329948808 21201
1458463768 10004
74978840 11516
1052257454 24016
92561040 21319
632037687 13364
1437590405 21094
1220098774 7048
1566105750 5472
611156049 418
1861558971 12738
2095666804 11342
1894345602 11293
1352761429 9400
252598982 6168
232214738 22397
375945691 15910
235072939 4078
477425816 15050
1698267460 13971
1486541698 6933
26511961 12085
1842893653 9952
1566311139 13457
1371982298 69
434045363 17293
1368335808 15392
38165579 21149
1877571716 15079
835090949 13324
103884338 10899
604992622 514
1733131754 11059
1138835230 21652
1370323402 10814
631175921 15846
1467538937 15343
600496754 9585
347636364 5494
2001535136 17740
2130401550 3664
2103049055 11071
1216527813 22220
1756926641 2786
752142508 23374
16520623 20599
1072768235 11605
967333336 4296
1771183429 23845
1377120335 17949
1083857644 15968
988823824 19505
1721068769 14949
223851146 10357
850004761 13730
1091993258 4452
1407021095 873
887894317 19226
1124286128 2203
1387502445 10288
208598877 11265
95916735 7967
1485545088 17541
239155878 24262
1704975359 17881
669666300 6363
501557994 9615
1266249647 14412
68127769 12243
1430103818 4148
19076921 16697
1296233710 8256
1309191004 20051
193619558 17792
1024226231 699
823220581 3670
1304420159 11885
293902413 16943
475501453 9332
700375556 9586
1023414442 21894
239406683 1085
258057832 23424
1057718009 383
1493689406 21957
1591738979 22164
122034836 7974
2124372275 21328
1372632275 6467
621561218 22060
1492697513 2184
1922538074 17972
1448868085 6348
1853362094 15465
1395862840 12901
1243669204 12028
720839182 10762
1463845792 18947
1810853392 7992
1283434140 8270
1511916699 16302
1113982726 15592
639098687 15436
1234992667 20912
1600107660 9619
2105568663 2804
668745115 8066
1613261587 2412
790848506 7408
144185768 16467
1627235853 5669
467198467 4092
651587917 14169
979632061 3714
1373429070 6926
1200431297 20189
733081067 18643
374817508 18511
20865360 18296
395897330 2708
1926884993 6368
1844050830 13652
1802591713 16629
352035991 1294
1784281906 12415
1368189827 11778
225112748 5770
750922194 20893
1349999079 1433
1375586416 3039
784716054 10098
477815394 16
380170302 16224
1629623418 17538
279299769 8870
1252492848 8833
447761340 7656
1280445738 20025
1068268345 13086
1670504245 23466
122784894 5097
1297981586 16928
800049945 23611
214048770 1302
1688132780 20271
2081510825 15782
1839818150 16692
949604075 8181
