776571085 11872
1185032009 17210
1754190097 16417
1305196403 17614
2020647806 13216
2093260517 14579
1194117799 9489
788401203 10083
1401911382 12724
1442948172 15102
414626252 1216
1484751899 12162
1044429236 12759
1359651619 24992
746603536 6147
455134718 21052
1494309269 10592
625545433 14520
1859788214 13592
444743038 20484
1058947133 9953
1437816907 2446
239059259 21876
1398653530 9442
997663463 7166
1592569982 10793
803483202 18863
689615936 5081
1503422827 16973
899111263 6221
1498117433 16297
904504591 2846
1610293790 22333
788637783 6371
1755966846 13040
1601447863 18454
1089287439 20612
898638633 2124
1685175314 1763
873437663 6215
713143206 11831
1945555660 17666
1614014743 8166
1291261011 7803
367025123 13219
1854707625 22523
269223705 8279
764542694 16788
794996630 16458
477317028 6709
601209225 5095
57731072 20491
261813262 16585
1084426340 24590
1379091602 2644
1923472022 14437
144701782 20865
1371901990 6470
1806902054 4702
373208785 15564
1175243954 15732
1992906283 5901
500857953 10121
1530879651 4125
2064506155 4790
850442847 641
1649449302 13696
651475020 16673
1589423172 3229
182291806 2437
1302076919 15084
1722976115 9292
1884033214 1125
367687609 21515
1562220018 15269
810548989 10527
1555387141 15718
1280931144 20765
1662129853 6043
881971071 9501
502296930 12567
491805348 15806
1638704740 24570
123440091 4104
2077564887 2969
1029402600 17917
1321072859 8252
1414718241 12017
567101807 10096
1047267018 15190
158830989 15495
1607002051 4365
412907197 1440
1141582804 9322
1358208375 13844
1519703389 24243
746787590 24928
337855230 21326
1574900669 14382
43618368 994
598162261 22897
1080066022 7173
1552293668 13659
252200693 1476
2078289699 16099
859751648 11870
1757042827 3826
1752290725 3880
1031484083 1327
1166628625 16249
2092803397 11665
1689792932 8233
1306937164 19057
148026400 19498
755530628 7579
1023952584 9885
1866403415 6742
1248953912 18594
1812563541 13328
812221 3381
1385825928 9772
709523775 5791
1288580611 13418
277681803 19992
1906727847 23124
1666910794 22317
1063895242 18539
1268181075 10534
1772010120 12215
998458314 18267
335950527 1725
173662661 24150
1181459311 23329
1533680407 21425
1123824227 9001
1074897667 22177
1367638157 10124
1817364546 6409
1638096601 23681
2075511449 20444
424683182 5435
1787580119 20923
577050250 894
1481975232 4408
1250421130 12883
728347406 6814
1040270371 17628
58781876 4103
1405150974 22928
895803343 24011
66781569 4455
152389809 5004
1602687737 2049
1670570991 2832
1213235565 9309
546444851 3725
299399073 16296
1868082357 18553
788476436 17999
1869374990 24729
1095091111 2517
2004097256 22477
1215683703 21483
2117667462 8398
1257486790 14303
257053030 17258
1164501447 15419
1711270634 24095
1922321902 5727
773659448 4501
1567778714 2656
716137120 15648
1760224410 2213
536451581 5319
590312602 16956
843261119 16830
1003335682 9046
2072825131 24507
598421951 21538
226998655 7326
1590866330 24111
152535176 11234
739602511 22063
1242894110 22015
1129096450 24401
2120209664 22445
1948303600 19431
1837202406 16852
1792029861 23876
917527699 10289
320228774 22493
1687394925 878
1322652904 13933
491846065 1566
1407637786 14445
1908528481 2360
475903604 2564
681774538 9730
13455360 17136
1381450581 17557
1306248853 14886
1715108404 3709
2093380021 13934
800923528 18048
657274967 2504
1955062391 10759
1035626023 1297
363048661 2048
1981098904 6040
1325835121 24301
1726443332 8218
893466907 21818
147890542 20789
805010401 21707
818889664 13759
1484525721 18173
2061477002 14143
1947786728 21370
1397138281 13783
362762595 5312
2010615916 9927
1873252365 23944
1152620399 7313
1035100181 9370
1145742196 17863
1930594152 21569
518009192 24503
1849751206 23389
201102826 3718
2062546804 1769
632997254 16948
1297246684 14219
1082139479 17148
1221855593 11349
325718069 16691
1647742843 7023
1863351081 10787
1177287182 13405
1285788104 21213
617122080 22943
807375016 7817
1098696465 12695
602883494 20438
1941169153 8127
1778738441 4818
160559782 18831
1684978951 8931
1726844364 16115
585739976 8495
1856584084 21221
201248156 3610
956215807 7787
1698001645 22725
121601591 2318
1621051166 23711
1763722372 15962
1299065512 16598
201431911 17005
1256060744 17978
191692856 23338
1553212705 826
1404568265 21953
1085034918 24530
116903868 4906
1076615260 5391
886012413 2516
1117122184 17340
1157335857 4828
248041829 16377
841183303 4799
39133277 4144
2081535718 2749
215683811 8718
1211029424 17373
1031657214 2558
789545789 1874
1348138681 18785
720039059 23423
2127340291 13771
1116571783 22309
972934718 10584
834710031 854
1526060195 17016
1963731368 14858
510546287 24337
1289939127 12465
872208999 16570
1655493558 20217
384674431 1440
2022166474 17910
1204797468 24633
2109594995 8863
1651847469 22574
442471970 14597
1012786691 17379
1753903267 20394
1375792168 23549
247703540 22258
932500211 23961
227550372 3172
337303920 22843
1019948540 19032
1590793547 1091
1100247845 8279
41400487 708
1702136357 22464
1177754180 397
26751971 22021
2052016808 6786
1132338541 8689
124664855 21883
1324797748 24435
880467383 23139
936383614 6506
2024000552 14208
360943485 8477
388740193 16804
283106728 23525
303223877 19968
1319822597 2256
500663501 14350
2109622495 286
1985419963 9612
1724024275 15334
1422883201 18890
479395703 7674
1632841571 15423
1878493574 19662
1008724189 5611
881231065 16205
278098753 3711
20615663 21388
1061893736 2725
1985170557 15345
80038219 9856
132812054 12894
1529862618 14842
1417010424 19546
1618701494 17064
2020780214 12348
633838944 14566
384403381 6390
1734034438 21664
713624235 3148
1441360746 18990
1247665315 17891
355924891 21384
650508933 8220
2107804095 7726
2016508323 24295
731762759 18104
241245495 23081
1793043742 15089
1834751751 24164
1061769677 24722
1383732655 8581
537474210 23876
68135741 13090
587570068 19050
940807804 17631
321715840 14705
1333516681 21801
397593094 4412
1898465131 12588
1516014067 18153
447809664 18841
1553027390 9056
1135768126 19770
429547240 16596
1869259752 7105
677006944 1568
2078082700 10380
1209402000 680
52610396 5909
1953622198 7066
507908470 668
1416416327 7439
1092464729 8022
2141212444 4418
1555319208 16599
1522093818 6477
165793204 13825
485945233 10310
1776893348 22290
224865098 23249
679205253 16545
546798877 6692
1788688185 6390
550582197 20585
1963087423 21662
830916863 17725
187616574 3942
1691658197 10675
1996038563 14847
2105211959 21884
1637030227 6713
1084545305 4687
340053411 10343
2010628634 3023
1522214698 24912
996180533 6617
1105035635 20031
1918232442 13108
289561905 14423
375385323 16531
1815433369 23110
58043603 14468
635082457 2216
1294233552 20723
571518679 919
1102659377 10812
300160983 16603
655012003 15216
1262914095 5171
855443352 11809
540997012 24820
1198396922 2040
875097778 4557
1258917717 15380
211003538 5705
604646914 2481
341076907 2980
1600497823 18435
1734133479 14679
1085022394 17647
529425436 4384
1460375500 5324
931882565 15719
2110497964 20895
1792859838 16032
53899431 3230
493687432 4758
2047496282 24993
528200685 9513
144650488 14010
1436416196 12115
2089324870 620
292709643 6969
1700392999 5669
470229089 5640
1864752667 20931
172820857 22044
1039715414 8887
1476321940 8367
1843036764 24653
2135148127 5252
1500677557 4824
259727659 16425
1602453500 12796
1467636480 4403
1461603885 21077
702787818 23595
1541929303 11425
408091130 844
1016455816 8642
1472562309 16920
1537432267 767
1482472016 12667
1453407485 22137
1074454305 16269
1138316166 13070
1414701352 13555
1204652870 18405
1086653824 23892
663959801 8658
1774892235 7179
514579427 973
1419695392 12361
916909777 23466
1595833423 7532
279657597 21595
809216952 13697
1131253922 9533
1058550206 2653
315575748 18927
1504385787 18577
851712852 7631
872602503 15843
1649101769 24267
14544033 16548
1550332954 19799
593861169 8035
1789345293 7138
1990515403 9465
1513668097 17533
899960746 23228
367611695 20540
1988936517 4765
475691888 19289
2061531392 21055
1410409798 4458
839722841 6648
1404507365 446
228431152 8201
1027857535 13918
1138922033 14824
2104746933 24016
1518408486 7608
169887582 13360
1123894154 22
912567183 5367
499879967 1561
1456461654 10155
1579842523 24868
1878524607 4031
1496281200 1224
1801646116 21175
1347443671 8871
1917208241 24382
2055926845 5851
434922804 6276
322902796 23063
895868366 6728
1612413432 550
428495892 4189
1576357720 8449
591042991 21244
679893725 12525
1105272275 21635
408440837 20383
663652319 23989
84835130 11132
2049341682 393
580424998 4791
1259999985 6089
1757923037 6109
1374345510 18452
710651374 7807
1335018154 13614
45263173 16756
1961718773 13374
373289549 12996
1535934927 9445
1451436911 11601
468305660 1103
1352865198 18235
417543013 15008
615982851 21295
1000275190 20068
295400912 310
812061575 21263
2054204963 19597
1968962677 9308
44518988 24910
1038515900 23353
1837793193 18760
507324571 11906
777982028 20848
337655033 13645
307093094 9621
1140272794 5726
382117652 21236
716332231 23584
222404922 6923
1764766403 8584
2023991585 20788
1504581019 7711
1570662666 18047
237234784 3323
1956340513 7788
1745214400 18541
1547899902 19356
1850304905 10373
300202691 21206
2033668939 3015
1743976024 4016
144876104 13970
1384323950 309
1644027693 1066
960906166 14778
3429870 14174
923093774 14088
1050868056 18494
96397468 7509
993247180 414
1568516522 5239
598108687 3350
361674491 22056
985375255 7783
740922269 1253
2105271273 9011
534003872 11052
509285171 16466
462237270 20644
50106857 4364
1145648546 4865
741671094 1866
572544543 1532
1788434241 16924
927721783 10577
1910083006 8352
1683540350 6758
922421898 642
1965276852 19833
668209040 8072
655650535 20767
711646070 5396
243391914 599
606974060 15290
2055739988 17485
1574955520 16047
849433590 13647
401597868 8960
2144262250 9848
1096375654 9770
1414439967 7084
928810103 19218
227418341 2415
1939400412 17400
1259657189 24787
340909802 10080
1209598934 14188
1039244771 16115
263111811 11469
2125859651 11726
980823722 8290
789251101 3669
369611808 6928
1546944375 13537
1946503025 16647
1451411725 3452
889888232 15852
509396119 12013
1772591290 5163
5038799 19060
1769476283 17322
553210026 8149
2101443829 5611
2052375062 5990
414689275 14420
579917408 11798
600717874 11091
672622294 5974
760523443 1401
239220044 6657
672634599 21693
29058695 4149
1864736908 2552
156820389 24368
930236233 11846
25468925 22618
1354421243 4783
177241402 1123
1877442628 15187
1354449817 22840
1038475987 1745
485241370 757
111657413 449
770475520 15859
36337570 932
2124071653 2250
1346826359 15689
178034724 15821
80872176 5767
1905237337 9050
1494073589 11614
1175754573 159
1865079873 10879
1834387768 1845
417859305 1582
426614717 13519
270398655 9174
2026647777 21704
1530059981 21286
1680043029 14445
1820158206 9846
922773385 16909
102498192 18303
581635120 10338
1997567374 23752
332768330 16604
1907402593 4261
370851925 8995
1623548369 14570
393125017 15219
421117890 8491
2029518292 9957
840665183 4614
639796435 19318
431087018 3217
42808250 19866
1826847207 5146
1828523448 10078
63248108 15107
1897015617 9820
1353802556 4542
1339834925 3348
637464897 10849
798660818 20995
997323785 21871
771625888 19902
886946164 2426
23940062 17305
103387925 11195
668536790 21140
1692262194 7089
1940473520 22131
599800366 1296
1944168037 14307
90142434 18164
700845086 17093
1909177663 5959
974197651 23876
828270517 14921
524969513 13486
802559661 7401
1974892636 496
903267481 16768
447235913 7304
578090596 23277
1823247344 2123
739472778 3696
244008179 171
684748337 14133
815408046 8770
645213979 7380
71927277 16025
1999399197 6967
1109666493 10556
1704973634 10976
1198797089 5703
799930614 23874
289532052 13315
963551181 4916
1037596505 7995
222315527 4520
173539454 14366
673374568 3149
1666120675 16883
1947068441 6571
635067757 9623
484759381 821
658693751 5758
413010405 8238
729025002 1414
707866501 8236
1029009177 10020
178223085 2645
1842304978 9865
857651254 1808
1994594799 4657
120043784 16267
28968754 12051
1417535861 13402
422880952 3196
345886068 1246
981858236 23719
878033390 67
1096926626 16563
1871135994 14499
1088954101 5313
19426832 10016
1582568513 3565
1403466252 3591
2133019926 9654
2103681579 5661
666239719 23724
930948932 21821
992002031 13507
778916520 11029
877944921 24339
1224436016 514
964202737 18626
926989063 11317
1370415802 3454
851279612 20634
1408469295 7789
669814377 15317
1405119162 10759
675230886 1504
250166456 10417
1957452617 18111
1409109669 10991
2012806743 10187
1251415601 18865
1905557664 20203
1872828697 15812
1110753664 9193
1853330255 1369
235384393 19496
1981117937 9774
1696448178 24178
1198093202 11475
1430482863 10765
519542143 15564
320624739 15108
319732032 8046
493586401 7900
1525615709 14238
1299053361 17279
368895920 1785
164550485 14467
988327445 7247
629593520 12366
1746307359 9271
339161237 21097
1323316091 10837
781773797 5281
1134866639 16015
2016472548 18597
1579230971 3773
804929167 352
58169065 9264
236348442 22593
2065747059 5553
1350520256 19530
730149830 4372
145060842 24274
1542754031 893
1284995914 7367
804548941 16993
2113151609 14620
923139246 12550
349953221 12993
222974309 1892
1252988351 10854
475061448 14055
1119081930 10542
1478136874 5926
1900810473 8988
1205894798 3840
1712580239 341
1874790717 13056
887301326 7985
2097495923 23258
1639511898 10554
2137052163 2898
1180182224 12838
1138553084 23136
17390407 23507
1241495903 386
1401041409 1595
1569458755 5265
1772185633 16660
602644648 16443
816363536 21228
98514082 16555
1971918850 2326
1500669613 19041
984740668 6753
403241573 14559
397211487 482
1271513234 6320
756460616 8221
1480172048 13149
2113125348 11949
1554619696 7915
396460008 10688
285905795 18287
2064555269 16286
755898601 837
1326790974 2193
565255868 24317
94456848 6389
74854520 3629
1638084448 12974
1795225333 22580
720951925 10821
1932446567 24467
353300539 2272
431881720 23795
364060266 14142
1471082187 13388
1765085371 8561
600452432 18669
1072839438 17663
1983889925 14571
1980586795 20197
161166135 15637
1012783118 24297
1072716974 18901
1360710269 22710
1052942753 5779
1608096893 3181
886712350 15577
757914382 21328
279822479 14922
1039100292 17856
1466875992 5933
1739630519 19102
506569991 17314
2129700473 24460
897913291 23159
1288388157 14198
743924981 21063
1729371549 10525
1871947221 18257
260550484 7080
1867214879 19701
2133158086 1480
2056599827 14609
418948870 18641
316540055 8155
1049758473 8558
1159120187 23282
1692432711 24570
1380893141 8327
739367429 16507
122254354 13179
1420190581 20005
1616150201 15122
467480713 404
1748797536 8399
403223101 6494
1348867517 9432
166935030 826
1799957806 24144
1052534009 14879
511917514 23371
1601403039 2198
972448147 3420
892452426 2474
1780472061 17459
480872895 5800
942337415 6471
556921092 17628
1362996721 16694
2094151562 10653
1353175150 22455
393179508 17450
991344809 4286
1844596175 8223
458269763 20807
1808897843 21999
915485087 24634
220405564 7723
1228037433 9869
389759453 18451
1337102521 15063
1285540356 6844
1785388313 22255
1829938181 19117
1166108818 17639
1195644769 16918
928110044 18793
662575010 13148
1338337032 14185
319702862 15020
1422909982 18487
696043442 10735
399874933 22333
262848388 22436
1882908323 17592
483764352 21205
793791214 9365
92632684 15916
1927764710 5216
2035352980 218
340059498 14806
598189074 4367
1967449085 2206
1162957197 21432
1813582429 12120
1088889578 63
2027181803 23478
1890932661 13893
678027470 13327
9546323 23028
1671397508 4869
240011922 15412
1213524200 8384
1130457091 19030
1116502272 10678
1055180675 11796
318173412 4184
1764041116 771
89267715 4979
166998794 18338
461973402 21929
107877504 1729
1375804257 2142
1052813058 8838
1816578857 13350
1862251468 3966
1394181654 9682
1463576171 247
1452483343 19614
2130650983 13895
675678581 15660
14281500 6721
58142007 15537
1579263701 165
945845155 18241
1970892288 9878
1212616025 9998
1675164925 9748
2099540130 15352
261908978 10208
1744489055 21166
160941816 5817
1210940334 7223
607815804 17824
1260012589 1885
1015964525 8283
959088912 5170
728087892 13218
285904072 5866
1064340660 14841
403329021 16792
980691380 800
1184806635 21262
623024481 3278
2108128809 19283
1574954197 18281
904619184 13479
360414037 20312
1196456217 9279
1995765787 7189
1887637027 18138
1729743538 5929
1266321522 22714
2068333606 6312
2147023537 15083
305352318 1262
592723141 2097
891319668 2820
1385076104 5611
1765761370 8694
1374273937 21117
2037091183 15517
1963701369 22883
110560002 6772
488149837 10871
524952188 4268
1466498106 8481
1313024795 23259
446336612 705
750300400 7121
2144219731 7161
763140072 15021
1451660357 4616
323383178 8703
1321632762 11335
359259294 579
630561307 9776
680737720 9184
1729434051 17404
1325082165 14974
1885233013 8195
1239081489 16807
2119688088 569
191910104 17847
557377621 19217
1146151704 22695
1626177700 17435
1747357858 19104
79851762 21281
663977986 8439
2068009488 24062
618853965 21360
1789387860 1162
1203379899 9970
1965319593 20576
922893057 10864
1570931340 8859
92936571 15
959943974 12106
385306328 325
178877847 2411
654637722 6360
1835531431 4232
842651990 7034
1044379051 14203
1369945886 6444
1383194484 15277
517114939 13628
1861458662 10583
449322399 492
1057156433 23714
1381214634 10423
1035460701 13202
658171479 23965
869292619 21562
1634493037 2889
1147388522 9366
734194232 1795
1661184031 4023
1031842965 15526
1688205073 63
1189483431 4582
294053932 22220
1325343403 7510
1193964252 13863
1097313126 24943
1966891291 3136
1397418033 5423
923540935 1572
12555903 10096
51239903 1538
431655756 15714
2049551961 7946
1807109173 2300
967278969 13698
866660503 10695
356969108 13656
767013254 13043
1175734274 16340
833710645 123
905492391 10064
81282876 6261
1292200509 19611
959804353 20485
609862374 8775
1711153071 191
136652426 10662
289723673 1529
1872589746 11839
363634993 11165
471591349 24220
1100472026 14474
1409642295 17269
1905568730 12190
365786279 20060
1318683031 3104
2121168298 5394
12422454 13533
991657180 13195
1756245776 10451
1170668383 15829
445931369 13991
1922421915 7924
669355106 1790
298540338 5846
1940160682 15495
345641084 10650
1835389906 19759
987082383 5790
5279114 16207
2108175964 15234
976201691 11622
1109489479 4749
2096269328 12762
1722972417 7438
1634062640 2206
1939848499 24602
1872737592 9489
488068655 22810
34133507 13417
996442594 4340
511748902 14854
1039053703 14804
1321628246 12636
384943106 21445
1957896523 5232
317292264 4238
1719969128 20438
963959364 15566
890109028 21641
73812917 5574
1275522611 21738
558099087 1461
1770541978 19187
401760144 16135
1352436693 9756
217288811 20337
444629422 2230
682530719 20485
154245180 23575
169957276 908
1235241535 3611
904022887 13089
757024781 11965
1307915819 20765
353236957 3062
1802671342 19270
982335942 668
350482776 5834
532238139 7437
1634851840 4809
819043804 13956
496289170 24896
1024362657 14994
512707553 6361
1964908213 19556
475265439 10058
1152534719 15354
1285389108 8204
1018425495 14354
1115813407 14900
292531708 9865
2051846747 605
200577369 14055
81065404 13408
1447210788 4236
559678107 13662
461270616 7176
1361753123 3187
890474204 14871
338373594 22972
582666517 1714
690251718 12235
697716728 4859
1991496262 13707
1524366159 17297
2102409686 12986
1949172191 13526
70119020 13713
1967520038 8316
2047218812 10190
1000229954 9278
303571219 13688
1108535418 18756
561184077 3861
645819899 8109
34137003 12760
300886018 3643
1867004501 3562
353233850 16388
1363773079 24960
1576560955 9026
1144730291 16877
1733023745 883
1939065908 1639
1799690142 17509
1139180164 24429
1193747237 3789
1670230727 7915
1066690393 3239
668684636 1488
676284675 18217
1257702085 3806
1589910004 6284
1191501879 24961
1361519390 15927
648788803 13993
870561590 1496
738671838 2930
119249076 7072
185684556 19115
1580768770 9895
1966828527 3492
1891117674 1096
1493136 1583
479058049 24188
913812377 20594
1720035667 24246
1030474980 17163
752466003 10283
1766188378 8894
341788137 5900
1781048278 24155
1128822810 22395
1678718899 2264
413260572 3254
1385250879 4027
933168558 24079
1984357044 8821
1478740854 13985
808233811 16830
1206416514 13037
144249475 12270
601765415 11136
1344734327 3474
1774813767 1661
832891509 18318
1406599777 17588
1073699943 5083
20562175 14155
2062963992 7321
816571149 23139
517935138 23561
1760358697 23942
736683057 23200
821618923 5903
1231780822 20759
792919137 8665
462117726 8960
1876788213 2
1170478011 673
1761826579 16322
1594266710 2468
539718363 18483
1251181315 14104
1952258949 20432
682733815 18448
1602811686 4079
327867382 226
1202029368 1051
817763911 20997
627391407 12548
886533328 22203
127178444 16706
1328892966 8788
57595885 1981
827472415 1469
1403422816 14129
1608341052 3192
948507931 15330
1029000401 7248
46778066 4622
964112959 16115
720881333 5546
1089931796 3084
1467628269 10500
1036696778 18907
223894993 22058
689185719 14863
827524404 6081
438249471 4111
1477145571 1007
2131357542 18238
1067938751 11238
803560768 1657
268622105 2103
2120254810 23111
402849909 22940
62827586 13722
1120779147 20181
1140920498 15342
1268050423 2012
1923355309 22577
226145829 11693
984737502 18873
796635407 23884
1888749413 2028
1134108237 5473
448783390 2093
1471319555 22079
1140012853 18662
1400540062 14977
760289132 21342
1645408978 21286
898976499 23994
221420822 8923
3813268 11056
1506764317 16406
356865233 15040
450068832 16264
481989014 10312
1698163697 19895
957280732 1712
1376470975 9366
1310693061 6475
501868411 19108
1551371639 10084
1922204611 21670
702930263 14243
1812950017 2580
31832353 18927
18182446 3643
1378876191 23395
354010796 12892
488070659 4139
2001931477 11898
1628035048 3225
548434711 4891
1130225804 16515
55369154 20162
1613693351 8560
1690452442 1712
21416872 23313
794723905 3924
918131671 5758
2135433562 17290
1224589470 16356
1290600982 4263
1664479853 21555
644506474 1264
1076535814 17776
843538203 2720
32895616 195
31322779 13055
1051083048 11673
1242640137 14071
1494999957 2818
92914874 2422
88857466 2473
480377293 22561
1538559914 6545
38982543 20233
1865329554 16716
91628997 9138
1695776313 6683
414625815 6559
1055392795 9580
1256657620 20674
1294532759 8929
240637053 692
516841735 19239
1442080359 18935
362765191 9464
1526891498 11773
430027004 21022
1903278907 10709
1556976144 9044
295376729 16828
572071396 9804
41137733 3522
1694581080 22843
374140165 3774
379518073 21848
1452425922 898
499633116 5295
635720991 23114
1677756315 23830
424550205 11455
769747406 19664
1732385426 21741
275336941 8386
1377301215 4795
2042053934 13295
1204186446 6095
1503593862 6654
852007402 15410
936792471 7690
1611098702 1115
1974427975 1383
1073424262 4531
836677548 424
1539784810 22582
1721639469 15216
200787116 12173
1002012019 22616
491762539 22539
995725875 19152
1346050497 20186
7197010 22784
828393843 10356
2140606936 19932
1472626505 2836
1896497951 16600
108251201 7397
635757299 16650
296675152 21200
1526281505 2214
917299803 18789
933264798 4786
1250013161 12844
1923029258 21023
644371844 17043
1274105134 5122
1736988283 18051
28979290 13706
1461259579 1648
1983372469 18644
1654848196 15973
1731533958 19332
1727890285 15108
1875431872 17123
407519653 22329
1007260738 14859
1983229691 4985
125433546 21395
854339760 5739
2088913230 4797
681038333 20225
982999182 13588
390262982 11369
910442335 7650
1350982467 17371
758037551 4744
408406584 19835
415255487 16284
1291045373 5232
6010650 17965
1614284154 17215
739119743 22198
69742813 15094
1953041908 2842
463864911 19378
885339083 14916
898109596 12671
1631624546 2933
195606795 23430
208997445 19100
1371567447 23387
222037632 2786
347953744 5157
635036476 16683
1527389218 8093
2116515465 24089
736058268 9848
2071960659 2351
200921749 9388
1221051175 14406
1115386466 11006
1278182461 877
1852964902 11159
1118791039 13668
536528569 14642
1747917422 559
1247653250 2318
1145303422 12851
828950129 4180
1029514003 19026
1027813513 10801
2146547778 4898
681931522 3486
1977112106 1514
207224057 21358
1815732739 15726
1939783401 21727
1823396584 4057
643694847 1811
1624841160 8240
1574836719 9883
1388928453 10106
1962564695 11312
1836531641 896
959390503 9437
1833337386 9536
12518134 12097
1412232747 15867
1485160583 17872
945033781 2463
659535233 17956
283006646 16627
515176212 7907
405724246 5235
1001182264 15393
928454296 21431
717643871 18170
1650414911 6656
1227578108 16300
1092682287 7461
1249002 20489
2008570677 14655
1770199097 11498
1943462912 19362
475464265 24360
990093079 11751
1553497640 7743
1844458328 15386
342627092 19257
678309732 7896
2124681582 11221
1845178880 13777
491181836 5286
1774068905 9652
574553899 19402
1421939324 17349
1841161029 11565
547225398 9883
1170778838 12504
1003948444 6660
32070948 2590
333094081 3913
1154556293 19979
259990676 526
1316273844 23485
12374353 61
1403942030 11035
920147218 2620
1058891435 7722
1833292500 13734
989775509 13290
499497920 16803
310868965 16962
1395800343 8485
1658717896 222
2012983968 2505
59584300 7823
742910705 10281
1873989928 15244
898270566 9805
1183806419 4845
1141288803 24529
879658374 22330
2107764124 7667
290610472 3977
419157852 1072
620816564 19321
481930596 16498
482671309 17801
22041465 22474
718946743 205
1225507568 3480
1424329765 12987
1104168297 6371
1043270766 15098
1886749016 17484
803960826 15219
1892707617 15923
1178145420 1337
2124452767 4465
32239668 16729
962256334 7664
741348500 3207
355808847 18590
1439396158 23399
1539796758 4506
1191396713 1023
557203844 7956
849654658 10213
786338579 5956
1592989052 21694
1140914992 16545
1428494032 19846
475151435 14177
26773938 14586
1391732879 4949
446846807 22055
1157331460 12860
1891487579 6852
1821083693 24656
305604804 13793
1089816890 19846
1724239180 14613
924473413 6327
2049201486 21446
1186228385 1376
402179250 18456
960968182 9218
841351066 11511
1956454622 19002
1093419573 10451
1725747260 1666
1989935699 12756
575096233 14190
1957149749 13546
1721355872 2464
415554184 4184
1911108240 3997
395585308 6496
1756594635 22418
1841434644 18360
2043209427 7466
1235043869 21513
2019543152 2032
35852039 1097
501919842 16481
1212283042 20992
82351960 10777
966648962 7479
1473403144 6012
446075844 10160
1943822723 17978
1067451067 17687
408399500 1308
76777830 9225
1393948788 11020
721502016 19670
1542937179 16029
1039974092 3433
779204041 11931
6552774 24786
807010949 1076
435459877 20874
1472490489 4165
207379618 5006
120267011 24719
1146746107 8507
1314599216 23059
1011857526 23550
86721422 19380
103620864 9738
778014226 16648
791446412 17225
1467183907 17721
1104223768 12010
517253935 23721
116180030 14638
1214543654 7224
2092737234 12344
150955184 3833
764660683 21827
1521242406 2432
2064060152 8107
895102760 319
1735877068 8175
600166668 17655
306708421 21329
1477742374 5025
1481859804 21741
1059908524 520
674273576 10011
729562377 6477
1124254037 21924
1617798581 16893
1752248680 6462
88547251 24146
1553915675 24215
871843944 12783
225424537 166
655725300 226
454044210 5095
1633311364 23741
1329974264 12186
402367601 18873
1538120568 12341
2077260558 22167
1353709742 13808
121725282 21801
2104128299 17451
884395866 533
2078186148 21835
271452470 23920
2013314658 8751
819622571 11825
769394901 4281
194508011 19114
591884879 11124
1870010695 1176
208100634 69
150095781 22222
1138724482 23043
348273839 13925
1923016381 4504
262204321 11903
226771240 2455
1436526533 1489
386557967 18961
790628387 24439
2032800809 21077
789732205 8266
290440054 12760
1825362669 2013
1546389739 21814
773770348 14651
180512351 13170
277571311 2451
1684791833 21960
1558939337 5901
87638112 21250
819093945 24854
2106005497 16774
1368336481 5285
2057001756 3676
1384707188 15823
799791530 2643
1294001504 3762
1021046300 22218
230174726 10008
2137106784 9319
474429595 6079
2068801755 1659
28893636 3022
1021778084 16340
1027535472 23586
1616178386 18298
782358634 18143
1139552417 15126
2011771799 8828
1033626602 24618
717642517 17267
1063896006 7459
456767633 24465
2110561954 13970
497902241 7106
2052326431 5564
991571448 11865
1889686852 16438
1037078975 1349
30070054 21395
155486120 11618
1351555734 2577
1921375997 6039
1992696468 460
1531014380 19975
375980918 5597
1495745911 6332
2144917394 13395
18203862 24920
1075185374 13241
1583124195 4785
382018252 1335
1781429015 20607
894386938 22867
1948862673 6272
961768463 368
105385862 1832
733736777 10399
1848249701 17043
1332225346 12458
911708009 4587
921851498 13586
514532044 10146
675745631 14781
1808678400 8878
1592014457 16262
1509887672 16528
578363202 18347
332247941 19660
2069478208 14389
1647689219 22245
1773668200 337
1529225768 6891
1674672475 22808
979658435 18758
735814041 11693
1081908097 2407
908597999 6187
1316899352 4587
1389736052 5851
10754422 5084
691001020 21585
1785592070 3528
2095202484 14407
997505974 4226
922103899 5619
401345908 13004
71959934 19641
536817234 2861
1732965353 388
163909681 1200
998876557 11278
1817696284 10300
1843632271 12306
1196399713 21676
1740159067 637
764425864 8655
1311984358 12928
15981195 24633
313700452 21763
1429449067 19282
63858023 18079
538919526 21827
1527056033 9270
286461338 18369
699007005 18924
150625077 12859
530792012 21670
1896358558 11748
2018403234 19893
819549692 4555
1936725353 10064
1171138685 3097
1335150183 8895
1006769208 2959
783244248 7609
2067929435 20622
1557497621 7328
495074048 17172
1339403877 22852
1575319183 13258
1235523532 18460
805704493 7550
2136257137 7603
630367712 18545
1319635528 13684
2138255799 12387
1733692783 15477
978495823 20604
1701401354 5927
1040025385 5232
1216916286 8099
810246847 2592
1912013824 5209
1287481353 4844
948438947 20699
367875721 18046
2006506383 19387
155770420 10910
1943740745 9789
757905028 1519
1844654582 17821
337741762 17222
803819864 594
456927658 5306
1137100678 4487
553345873 18233
1699794408 18062
1835280909 12867
1000615477 14970
1870543947 4227
1705944209 19679
520691646 22494
537772241 12164
1588407815 18565
1982106356 5737
1175079870 21694
1682429172 10572
2019499524 1339
83208111 19836
1951226379 1228
386202903 1089
1946555769 5244
1851024846 6843
1101664579 4462
1634363591 2974
815664525 2276
2018056562 7397
1004777979 6855
1695504495 11915
1120245570 20820
557942354 9466
493865084 11268
556168816 5518
1025893725 15682
123894709 23533
1763711723 34
1746358003 14604
1324116061 14902
1047178594 21518
1190770225 14680
1001837047 19285
1912757556 10338
287329506 10801
1905457868 24882
1380880875 8154
621501516 10880
1524929404 5209
1015890481 19607
103390043 6504
931669253 2897
87408588 20524
914508290 3558
945567877 21238
58432231 23990
1581499472 5512
375266179 17577
977657688 2494
48581904 4063
1894050656 22317
750820001 6025
643822480 15400
599594999 1399
110440203 7278
630139232 8746
1080068972 12232
1067511539 19212
204150490 6006
1394183081 21980
2043026306 8468
1236789195 21108
783581128 4112
681469327 22594
1737928551 14484
81406815 12812
1145353027 16678
1008382797 6263
1261204350 24624
551939892 14490
1486036592 9144
1518564601 17982
1793664605 20983
300064005 13232
392633199 22853
1222482209 11805
491144373 15491
795058385 10625
1711360325 10346
966440839 8512
694757921 23758
193043434 4092
2024457181 14429
1623416585 14774
1978446802 7628
542292745 2251
573082465 19681
1523383684 1863
1574500541 14974
268315489 11070
255005556 22485
31275022 4451
264041036 24284
1314817873 17300
2110933278 14379
495982247 6525
1600616215 20992
760066556 17508
82385438 23214
1726222990 21439
1310592090 21589
775638682 20369
1805895303 17494
1109302352 12092
817894666 4035
1261950414 17748
464703912 24259
1033567802 5881
491385604 9685
860885216 24126
2015737425 19134
1072984740 12197
1448389628 5054
1612497163 23850
2103486810 13938
459340494 24179
366373916 12838
800419371 14650
554028421 2131
407639336 23495
588297170 23319
1137306596 11946
1746496528 14625
1700821922 1393
1769461631 5843
1627665918 12831
1342025172 7855
1328461930 1949
1233495558 1187
1925295663 4386
755480612 3430
450081846 6033
257984705 10604
64143678 6608
2012537855 16541
1087046181 23989
1400033919 19914
450396773 22856
796870708 3963
1000294995 18317
994484583 14572
818408445 11437
30997276 16138
1664392999 23242
1860699715 12947
395408485 5650
1983030569 10910
375780597 15780
1847781721 1130
1751210696 24945
650136879 4389
1780234420 3249
309133796 24903
1574540624 21139
601949688 6152
1278224096 21805
301127843 7461
224259318 10297
251226657 21725
2010651556 17607
90994565 8538
714254263 5502
82265833 20092
1575378198 12056
609077034 6134
843671795 1488
1436118610 2073
1039912737 22721
108162179 11841
1289570922 14629
663452669 18639
907066798 12142
1638422262 16360
1797789935 1660
737175502 22356
1510915976 24001
1116330492 21941
1772654360 20661
250238587 24722
1406689 23041
229810473 21600
109611746 23646
893391709 2885
1162573627 23072
1559957066 15095
255480365 14744
1058423693 22365
1354217942 16096
2133608828 16899
471242014 20878
453534527 24006
1444044435 11981
1989187530 6233
1221368920 12653
93497438 8477
1061154471 12741
357052171 14378
1181828504 491
1521850272 15980
623523594 13126
2002301656 4805
656873115 15619
38694376 22833
1687668584 21456
822417872 10032
446237889 629
1910765187 16681
1876711187 13225
97130186 19750
938173851 22322
926535431 6733
862868063 13790
404103270 19213
886702097 12360
731679432 16893
434231957 7128
258860327 21272
1719458293 15968
1682065916 7836
1790085466 23550
1905013798 13376
2046655268 2825
709120193 4524
1792228211 16663
1179737100 18994
833542364 20835
1041514200 19103
1629763842 10206
330925761 5984
1069948752 9517
1419879402 7036
534471551 11462
57868266 7100
758144939 13583
1867214410 10821
1038695824 789
2136307939 3577
1465667502 7354
681662130 7217
1902199264 20627
182524468 10191
288288602 21163
1193825814 3940
806185348 4142
1061428600 19007
207796195 15529
1928653911 4461
1210094810 20961
555053651 8951
1204154146 24763
423977803 6302
1467679604 2370
1210002682 15660
600165282 24853
958023028 23705
1857407753 24432
1486860042 14179
415611795 23016
1628300847 22518
359457850 8718
1459522520 15311
741608100 23512
1457384395 602
1810832143 18691
1209273094 16983
1639889114 10302
259120131 22514
2023241133 2795
1125635661 1360
1440721817 2615
785812639 6798
478419617 8581
1725873296 2479
416746926 12986
306748830 17622
63386760 14837
2100366119 18581
1317024611 3508
509168564 18509
639795965 4824
544324901 3009
3119340 5930
1508355748 19074
361718216 18451
821011357 3683
1833536383 24858
1035513285 18194
1219817886 24556
1006176407 20664
357274080 18782
2061670551 5067
337609442 24234
568567944 24454
1857871358 24072
1562291873 18187
470796533 16115
1889877401 345
341299810 9153
1502845724 20462
946554160 16836
415773310 24438
1591082173 19218
1506623665 4638
1568806799 19227
1116208308 15649
1761588889 7711
1444866795 14734
1439981284 15403
1674676540 12188
1793763235 2097
1952269653 18961
415137149 11906
105179463 24485
1895213439 18277
642127745 18398
1422993893 23105
669132030 11334
179308513 20533
269898204 1130
954210692 12975
1217192384 15835
262321493 7860
890495785 22136
1266182119 22746
294605103 17719
1485838574 8520
1395367175 24147
1535754284 9836
826193254 7894
1003038768 12415
2009720863 319
7710220 16132
2104630959 10777
234024193 13063
1119056765 23779
699901535 19861
1034657972 10466
245401219 3223
1611643689 13737
1386334904 3285
1418544780 309
868083181 8860
1784590560 9877
1667133806 17223
1495325351 10118
1307386248 10932
2104186085 7991
1685637516 20599
524212175 4679
947088891 11784
276193224 14602
1169993649 5818
1452958159 24828
904289688 6605
1251308809 12736
1639664511 19828
1809027815 1386
1236347483 15996
244373927 5767
851298353 3457
1505555915 4422
861366858 8114
1799190946 5425
1534062209 19545
1835028588 7888
458886975 14323
313146475 1108
832696487 7606
865048985 2747
1919278886 1928
783220464 11562
674777926 12857
966095245 6086
152478194 20418
1799561732 10974
1489828697 13929
130946439 22361
192318363 4181
2103944592 11231
1727774642 18036
1014911724 20818
262305204 7237
1553949381 23917
175643277 6811
533660489 1962
1237342630 1937
849949904 24898
1741173142 24351
1583417428 8562
1173372523 3285
1728601963 24356
837156650 11692
1426480652 20243
1104968654 14946
1456490324 14736
193101827 16940
1512938159 14365
951611927 10304
1307288274 3287
912395366 12881
1349896898 11
1005798364 1305
1884408788 20429
1466668862 3381
1710408909 21223
70896232 2199
2010498499 18018
22390598 1742
1313022340 15235
1878065134 1240
1597814932 16756
1598930168 27
1308388021 5447
1836816975 9910
768089116 7500
1821262688 24985
1175490316 22544
331260803 4416
1990773076 3559
1169489630 13031
1113879298 22109
337926006 14614
646797984 11670
236191989 13190
1993612086 9206
1091731682 18061
1776825247 1193
1530494158 10206
1469670331 13872
1343062186 22545
1081791710 7755
1587787480 15444
555172780 4657
994621467 21596
1982128704 18961
1948952877 3658
1896141793 5195
2029462197 10469
775992989 4468
177406968 20678
828894116 12112
2060618450 13432
1265180562 4525
847306874 17838
259934235 13939
201979185 407
220769658 4629
1612483114 14548
1451996078 18242
699392863 13227
668211944 24016
978735624 31
1788361567 7671
1380073153 4379
1416782922 16934
1920996089 3877
860050458 23230
1395117509 15840
1165033798 8616
1765254547 14180
146468124 6836
1330469228 612
1651967651 6901
1426370387 19425
1682855114 9536
891991757 14978
341301800 23370
1078718686 8307
367325884 20047
2005508376 18233
1822244714 13775
1605333715 2425
1890176749 3237
1378689343 14754
1936789284 7774
1983035075 18726
2124887387 914
954985230 16055
190014596 11434
2065379876 21909
35560183 7115
1205873016 16299
1967017553 6719
195562970 23473
1277236313 3323
640481699 2139
16319277 15576
880059586 12846
2147206898 3670
1538341830 10664
1535675482 20214
1274959890 2887
1558691216 16391
1694295852 187
2146236384 4128
1821527132 3270
761079399 12511
119497354 10557
483076383 124
803871176 23251
562494056 3737
1956760308 1515
412914417 21248
470797853 22430
1818562355 11374
1417930471 7228
2121822280 8937
129340278 18615
69782765 20102
1731529680 12031
1440928312 7654
653809825 12701
915626811 24591
1194262899 4578
1818982615 848
1796536407 291
1515952519 20814
1575089004 19313
1658424638 9495
360768955 13522
616568668 4541
134950571 17961
2092600462 4212
2129369054 8449
869513194 498
574562506 6997
1707517134 22251
1814781372 23281
2131659273 13471
31859295 9461
404746073 4293
1060067895 22572
120876678 21856
253336232 11382
1407243490 21181
336970424 8054
28578683 22502
1573791046 3741
91231026 1356
509599991 9886
1215211054 10448
845782089 6848
1601898066 11292
411357104 18379
1041223567 23461
1575667712 8375
1178012441 12828
98992597 11444
2095003704 23370
1120803063 1516
1631496647 1336
1303948809 23437
612127012 720
826384847 18692
369294909 17900
1434655778 11657
822924336 21199
1500168048 3370
605242207 11240
1078006632 9468
4663833 22678
52758823 9761
1773985190 5339
947150219 9604
229779555 744
109653509 9477
1153120570 6006
570580116 21497
1322450444 4959
1812395241 12603
1155946107 4435
1121027683 10153
752403804 11771
201690680 18519
661083842 10084
198410661 18578
1868147385 9765
43720571 1921
265581486 9628
225171532 4834
1865643739 23725
1930171798 24173
1298900184 9376
865947948 3192
1793915020 24687
1263632526 24817
630367743 2733
143186324 15889
1634533068 6895
1234945303 2162
440751261 21832
2133776979 24122
2059588899 3945
595591018 9494
1014277709 15253
530748283 11231
206941075 19465
1103700914 1538
1990578326 4347
285490641 24014
319645530 15546
493596948 9456
759736584 21536
1089977465 23180
1344075120 5860
858529283 12586
782717016 4140
1733698687 3902
511902977 2408
1801289783 9143
1693178039 1699
491093523 14645
1324158964 22776
796618809 3645
1512487594 5094
58227138 22301
176611686 12889
51428791 17516
643944834 15501
1287997317 15774
2027529142 10534
632660560 15040
1160255674 13463
1847205397 23450
382147983 2512
576994811 5858
737536842 20109
1334383227 6506
565095088 3170
1862322255 15524
815185416 19694
1832268483 16742
509773406 18699
538744055 23571
845053076 3576
1293628053 7802
1539724843 14496
1342588364 17087
1978662318 15228
97272520 5664
169512863 19356
1907949692 7967
1284811204 6877
649258735 15306
1460015953 10249
351228501 5772
955758691 18469
375109089 8140
354004268 18141
2003344544 24901
668355963 982
2055777692 24952
153321973 5193
1695372410 7271
800556268 439
947857730 5187
2128133106 24077
545439706 19244
1326014636 21785
437931313 24115
74777793 14010
1344546627 738
269427568 19391
195472381 10562
1999053132 17508
1138331449 6129
1979089083 9991
1661663279 19348
1241859775 21287
1835787572 14883
1285862788 7446
1343086593 5735
1879185497 18772
1098706891 1263
915782698 18815
1090667241 8755
618989259 14340
320805415 11196
1623335375 5753
1076591308 20582
1856008041 19686
1816203042 4039
60434660 17396
1796146037 16925
1744416889 20155
1809710528 9208
524068141 4815
696804738 15257
285607958 22110
1927376324 22141
1337911279 21370
781784102 13048
165732796 23720
69049535 15669
407191387 20190
1275448173 4641
1720747335 15620
1622064269 1105
428157880 19225
370983151 19085
1169433193 4125
1284101243 13931
631955759 447
1870845294 13406
1708536231 19531
337089720 2278
293508353 17195
685849314 6326
1785579000 6300
337459171 5351
1943260751 2516
351926429 16748
530103231 714
2105923916 14193
1141952531 6202
1720359696 4836
2135881544 1006
1118057449 8232
1923093029 11599
1642171234 17488
869620235 2820
2080978566 17507
116503391 4457
822314759 18182
1929855787 6262
826774321 21156
536992135 8370
1743020508 3056
1429543413 1217
1771453492 12221
603469443 16885
1943417484 14287
283262208 13963
762587227 15949
448866925 3497
802465258 9897
1537833360 24726
465823380 18267
1990450768 3500
396174672 11155
1584255904 10429
548534130 21644
703481731 22418
1391162862 6391
822656183 13893
828991909 23996
690977162 17310
1966479279 12700
654526544 7067
1335813225 12017
852935499 5683
1192847907 15226
1817034353 16062
2008286911 2631
1159855256 19969
306287244 854
390275 20950
1943087658 7880
347060656 13723
1329324111 13909
243424250 17700
1397852246 260
1178542153 18549
1057355690 24198
279628202 21547
1656648971 21117
1937043955 20839
1387973527 20863
1170079196 5605
603839854 3551
581695044 23341
394114053 9383
1652981067 8458
952976342 18272
1548156721 4232
293465853 4690
1578980008 13299
1441089457 6778
1687963081 9511
2048417144 5745
76501122 16475
1428332454 11762
1222696232 11060
425357152 18234
319753183 16423
6082828 13797
119651529 15689
1524878894 16421
1788725841 11461
704910531 11974
102993643 17535
2026893307 8271
535558236 10323
1797597212 11162
1563889235 11392
1369187994 17426
214402660 1425
1165191158 2912
1206152300 8463
329611588 9103
933341439 19263
1351521532 3079
1298071645 5755
211703611 2231
1423295818 11205
1729070383 10184
1713946048 17651
741272165 18052
2118444410 22000
785867591 19548
310727874 6020
756905721 1559
559708237 19782
163806384 4669
170222046 6176
1165876839 19553
727578008 15021
1177456399 12427
887502397 7937
1344263186 5283
1238129379 16908
560040575 5830
1219257244 4416
1741290721 13112
666245679 15997
832150279 21394
81776308 9783
1736987245 10562
1362896846 10230
620026493 20053
648575797 7236
263400641 1732
548678233 13428
1870534234 23243
1714126435 7056
1851375053 21696
1883484045 14145
2131546791 781
332598045 1126
965836960 18530
1437135605 6659
1615955546 17472
28908815 11036
1846564100 14805
1309866963 19495
1169241430 3330
1658489217 21340
742417184 2310
1548395744 8422
1138594566 19880
1980472353 15023
1426931972 15669
13392861 13393
1537118292 3880
591109127 5816
368416137 2341
104245163 6074
1069361936 8861
1852782697 15540
508344526 24542
4492143 18412
1812992067 12718
1615521897 19235
1086815740 20473
336733369 1341
406974820 19374
983258348 10670
1168987322 23147
1074479166 20155
1463604690 17565
1855403330 6812
1426173397 12895
1952268137 19962
774120833 16746
337023448 9122
2028435564 537
1422609960 5935
1656131311 3116
1745794848 8085
21556194 10215
600451025 3462
88283886 13830
1816011786 6384
1626322452 19736
1520478190 22962
1572263806 6251
23848562 16959
1005284000 17056
977403843 9338
1542310541 24389
830407693 6308
1739626681 15381
1043199195 1985
1409623423 14686
1904245819 21534
1489284054 17409
691583652 21854
333850007 5253
245855959 10654
221671036 20248
1055299597 10796
1069034175 13166
1167960887 10113
1023419992 23183
1252706193 4987
1796843050 23345
2036820835 892
982858665 11834
324719273 7642
324101484 19654
5016573 9959
279735590 20773
818087071 3283
1087067421 13110
1105575648 5109
1947734985 389
810929389 212
1737523981 16100
60507839 3299
201099591 24519
1746589767 5975
1788502450 4552
1780578040 13325
2107392629 15188
974640679 735
1357810770 14529
842895242 15220
36446910 19343
587499859 13721
520535229 4144
1303119269 21746
193687378 22913
859345717 7061
81297838 5713
937616374 20167
137240587 19050
1391167100 12383
1353911393 13813
1460070964 23725
901471536 21435
252782664 24022
1270877493 6513
512977947 24255
675389027 23732
1065176530 17462
320794705 16437
642313124 13532
1709415571 9186
378916499 1024
2032411195 15787
1658800801 17114
953867910 20449
1789865083 15146
1089425445 755
109410980 17604
1475149561 13953
1781761746 7153
236990373 13078
1839939103 3252
1991394193 16271
387984416 14973
559254850 486
1257663712 8463
1868423622 8777
147461476 11761
2096148751 6678
640180017 14913
976901500 18946
225310591 14234
2039516545 18210
1713496458 7129
1718565560 19191
1214547259 20130
975544729 3407
792953463 16700
2144964382 21720
940351703 24479
801855187 19775
2146350860 6574
1856584908 12258
1634558198 894
1661764693 21327
345285720 9308
2086771015 374
936674076 12086
393776508 9130
1463194622 6069
57616318 2528
270482415 8436
1153516642 14614
1364606975 5447
2065709684 5603
1088539875 20681
1902218544 8508
1933177509 19046
1926768953 16289
1764387540 7070
1308861387 22933
994992789 18155
507045881 6703
1876366087 14522
1041051607 7376
365021875 17853
91355579 21931
1010175136 14101
703504713 10417
136052779 5421
1336117459 11219
724193857 11934
713018711 20370
1113314543 4375
882420027 2341
1090432423 24777
2104898278 20136
611328060 17361
1588122585 11262
783140003 19615
1569688744 13485
1946233952 12204
1289896565 16400
96552719 24613
703520287 20122
62232907 16718
1927299752 14493
497549960 14076
2053148987 2389
1521167608 5332
3047186 11666
663802310 12718
2108911695 22100
2073102728 17419
1654563611 630
1702656881 15274
487695212 3728
546836448 7062
969425231 14241
1442142079 16041
384818401 11895
1957409106 714
710466622 854
485880246 14369
1239089736 20023
540163288 18281
1489934156 11152
969762280 24749
1957887882 3595
1734489187 7485
918448621 20849
1174945192 24760
1401802669 6289
248738133 7340
1611034642 1660
1816094804 14191
1618461048 9893
1625839243 16542
1563564613 16732
48535023 15355
383910753 16415
1518476960 24825
21665304 7441
1757066029 5614
1469755838 9660
660481263 16800
2035176039 2816
1385166586 11203
178777858 16204
325950795 15140
1574637562 11199
440796483 17252
979345340 8063
445450124 398
905521916 1447
1024611941 22965
748738044 16441
1699286385 18309
998725919 7216
1157447564 20435
25091369 20542
1842675910 5977
264832410 9040
1827283198 20791
1827121894 13858
629340817 15673
1419177737 272
183926729 17804
125464199 20874
1765665686 17487
1804028237 23720
1400281935 24640
974262118 8605
1597637536 15822
1808853834 9052
719044254 15504
1494937147 16171
253227832 13230
853012350 18720
1098422888 11616
302285562 21276
2021117403 846
1856207310 17332
1164830366 13613
2102654427 16501
725239715 22494
324335939 3559
169111635 3566
904404906 40
1494776316 4164
1599340277 13065
1055198939 12205
1313523431 12477
274115433 16536
1924069950 12881
43491416 3527
289877875 9566
1299334139 18872
1952849974 14266
132383243 2961
959667464 20064
223698042 22653
514841285 7047
148538985 15043
1612273890 8014
504979197 19656
1417933548 24594
865885736 13910
2011770161 9189
1281124903 3341
965341374 10691
594163244 633
1824775619 3046
790810050 20450
440036670 18107
1983014007 9370
1291106981 8667
104737846 16012
1322892444 11076
278300517 550
1884824553 9568
1783245627 13737
853237771 19743
1819934834 7834
893927551 6728
1696826307 11821
95143817 17210
248847876 22028
754852666 10206
255453935 10456
1322136535 7193
326907226 14114
1631606717 18582
1014875366 2778
982286097 16217
1907885754 8090
1541910075 18869
1906830709 9236
1516457416 19742
736877359 12275
2112116897 10696
245363466 15343
633708477 1486
1436906328 20533
749129054 21077
175289382 20533
820697557 14148
1083714457 5444
680638436 20863
1939496668 1381
350189822 19628
1917624124 6167
1311102119 20514
1610457655 18353
1536023741 23089
1323754926 5656
2093587154 4728
2012280798 17845
1747559970 15279
1761273375 1837
975463478 24661
1190832618 19888
1990170591 9080
1455003948 6246
742467895 24213
619488305 15906
792493013 20210
999130867 12140
468948141 17168
1412125216 19820
1890483856 16747
726878680 3083
1124336591 13202
493856189 12453
1044587902 3333
25015446 5501
1517747010 19360
1669292510 11227
2086346350 19585
1701552709 3069
80201779 15061
2011894969 3033
1641350490 2776
2004767928 17670
894899024 1576
958686614 14540
1031272238 21373
990845827 12901
369796947 9806
1160080703 7673
569131631 18334
1123855977 20402
1196948126 9893
1349291661 22588
1894435830 12013
975557623 4836
2114692630 582
882515427 16722
1450972657 5294
595427552 20665
1151794613 16791
1075625213 11650
1363185480 20189
1445718018 10915
1890848235 17983
1136845247 5256
2091572016 5921
265147679 17030
2141338152 16121
914228841 21133
615381268 16670
1678956102 167
1314269866 3324
1826709703 148
329697260 8740
115802433 11079
1904911641 22076
1593414341 7041
1135125376 15334
419356558 18221
1625397065 18001
1557063261 15452
1535898845 21456
1187330546 20965
909433119 2524
1461406058 7828
251128161 10998
257604070 1623
320535934 3000
1360981722 16434
1979356714 1233
1444079116 24947
923610264 23428
440923269 2498
52438584 20373
1559841336 1958
2065097528 13094
170725799 1673
1650761802 9451
1749753711 15224
337964645 21715
775353655 20600
230841626 6033
1349624337 883
915174096 11527
246495929 15376
68652083 14490
1065841087 21270
617242950 18365
2043261722 15093
1016717279 13167
1382316616 805
426350927 15140
284574893 21935
165851019 7100
1332393956 2002
2077942840 11808
421085737 8047
1710071434 18514
1637547028 23335
213063115 14697
180119647 7617
1009162401 1799
1799456909 9499
1096672363 4943
986075605 13615
569651374 9190
1308393394 11345
909388695 16288
139180363 7263
1951109396 13993
10912258 24357
1253905684 10839
167333927 5553
394475906 5271
1570587393 21891
557555251 17830
494052614 2592
795881438 18746
419344311 4987
1884788511 18008
1730849762 17137
1502473064 15128
626692154 18167
427266291 24310
1490058235 2071
821139561 2143
1842562264 7356
1096616768 20567
1628697189 13180
501854601 11861
901138573 18485
1502765135 984
703155118 19626
932346273 12464
1261207629 5477
712565121 19622
1527816856 21493
620378395 17790
37816942 21097
1470303940 17486
1533344328 20205
1646100787 3769
1629406007 7141
1483942737 22456
717977891 16648
1448424434 19944
1361208611 1023
944170822 22338
1168351549 20653
1167993664 7834
1040009915 13923
647569692 17408
990188291 11473
23136292 3873
1868826690 7070
852676966 21972
953319355 1041
601312549 23736
378751598 6928
647590361 9972
798034459 11632
337032124 7155
1012542242 18810
1346743345 9477
9050331 23499
1216663368 13585
256031349 3693
330087896 22649
2064172587 20769
814194308 6659
801975049 15248
1985867789 15616
108434028 17787
892040975 842
910103318 12333
1087455437 14307
1984941591 1979
992367107 9134
112453034 532
1838701241 23151
1988500416 5477
921291081 19112
1820919633 2488
1686553248 12811
1025958506 15371
275438134 13232
11207058 9021
1142174980 15524
716585219 13073
272259435 3522
550002160 19609
1851031022 13780
1625111660 23754
1428355229 7529
1672685118 19940
493034502 16137
1484784975 15175
394416223 23703
1094532784 20994
1079044653 16845
1424883870 13115
1290960508 10008
2122342897 17987
1689764305 23783
1127329962 9638
115353451 9873
465701754 10339
1958292496 6085
1687982305 24579
2033208539 21590
1901748680 20087
1038607566 4946
1721380899 13779
458064262 13252
1928418270 10773
1258081966 10824
276797890 397
1897737526 10193
13865765 23073
150801919 4937
2497933 22585
1884501946 7756
481423544 20427
613659259 2865
485313978 4794
2028803698 1675
2050625740 23463
304603771 10205
484850984 20455
1671001651 8598
1890427374 1911
1051413030 15926
1438675935 16410
644027685 11515
396934473 18234
364405132 23121
1586270140 8945
1897737536 10560
788086305 5683
1558426121 6015
353202144 12702
2093000526 7518
671612082 21511
1134541991 17784
822712693 9467
517379439 118
1878744633 21236
768101009 23375
1002916395 2468
1415578770 22606
1400826977 6525
1662237465 7339
1602590281 870
1513512039 14250
1101465748 15933
46375530 13566
1446226883 13271
1762384274 9940
642865099 21794
1252921448 17981
1800271221 2446
1214323601 9090
314907140 15980
945428292 5902
1186350720 6707
2007408692 1365
756039687 14522
1739826313 1385
351194579 7469
1997269464 7091
614676370 8356
340713578 19797
1950992137 12894
1150479160 23769
1148513647 14171
930025918 15505
833033757 11662
1283954972 2208
526432960 311
2037136008 2672
1700372391 10125
2014663578 1381
777866129 11728
554682372 7734
1847454746 9963
1485273749 8242
1536276544 11191
808664556 8150
1075732872 10629
1685356927 8513
781688221 4363
640416905 17482
1789657311 24685
1838579931 14046
1724293349 805
1738162963 17920
755267814 15640
1227553739 24124
1166449442 22259
958437502 18348
80023070 11545
1762037326 1406
308951916 23730
1306550796 21618
976009231 4312
736626284 12710
994781183 10470
1557257764 12522
1051954419 21043
1834240469 21830
425657279 19023
1064193070 14908
1421255709 2062
378594071 19623
248633943 10204
1668871211 22314
1845953051 8493
314164080 183
647221585 10088
1506688822 18070
1967498437 7055
1261366353 15458
290306845 12147
2106660757 5858
1824359986 8565
1862426318 23609
254808644 3832
424207397 5271
1451680422 4693
1838638569 24011
901320320 15950
39898578 7734
1899903836 17868
126000139 12685
560133293 2751
1649798012 7375
536349485 16364
101965179 2386
1983864095 6311
1530215826 3885
1172259564 22667
478794524 99
1608385843 11841
887291599 11390
2104552118 8614
474595667 14173
2125479394 11018
594793584 21209
1509353462 1436
1476058906 18090
1105579946 13246
839744770 1397
1124978563 22121
1041123666 20758
1070506216 21144
1176360367 8746
1270495240 10908
1767144478 10138
1785068649 1243
846875976 12861
1167706738 19370
962994323 6790
1306989230 5348
467715572 19470
595868474 12888
632061559 22742
436012240 19392
197145965 14487
165833566 10402
1914730006 5608
1754884821 154
868577875 4586
1847824948 14271
63312382 20380
81838310 8971
1069815525 23209
113216918 23466
1428328868 14764
426042721 7753
303022914 13848
164799838 403
925646247 6102
1772660717 3118
384158861 1535
440048749 7864
1646238696 7839
1647462274 8150
1431840768 4086
794219220 1204
1449582782 4344
676939845 23108
1171781191 11405
1547174057 20854
1862875116 14461
1618307556 12443
1061471483 21465
2030031378 24133
870532704 2025
1310255181 9703
766797533 6031
2019375428 16820
2120910724 15191
707098429 24197
837816819 5557
146277769 19459
643817773 10709
1869199026 870
1727037914 23907
297179612 312
745338363 11094
2050369862 12650
2086005820 19262
1620310608 18595
1148297295 24530
70951270 19336
2145058602 19825
1528423613 12926
739276396 5220
1766953005 9666
1190277320 11048
281127689 20164
571461638 9822
956270749 20443
887396745 17931
47741830 23437
690805961 21184
1287144454 19722
85040430 10887
432514644 8406
172095933 2485
990084768 14710
1086976472 14410
492292303 5270
1618967407 22020
25469963 18618
1563738053 9819
992498930 6760
346031156 1671
1447645659 4501
1315997525 16066
1727995771 22076
15930671 4953
816625564 1643
1954372757 9474
1038935703 451
2100833907 16876
1868183095 21545
1231010851 20503
1228973895 9240
2104084917 12166
2090050563 4843
254396480 1602
1063480621 11328
1438065023 24378
1125492437 24280
423330083 1956
1298879768 17720
1427613414 6839
1471338348 11720
258435304 22084
390655909 10708
1023315962 23103
572006690 17573
1470292415 6392
1565668422 14087
1270012430 23211
1485696063 815
68807322 18476
1496437522 15573
1763624760 11472
1721528777 7560
420813344 17990
1544638908 19402
594014642 8488
555709866 23640
63447155 8462
99734267 14318
254922507 6697
1155816190 8858
1512577841 6464
92764628 567
1881929989 20580
1001058754 2465
413454952 13350
362829252 4970
10889328 14718
52045706 23786
186409156 8315
56206834 4553
399560133 23530
2120201304 24079
690674283 15453
782100668 5589
1606908874 10827
779996379 22632
1177284462 22463
677506722 8011
1176548068 13795
1323003252 10736
26379441 5108
1793123616 18534
1628350002 13232
2113348728 13854
407860419 20023
2116107139 14191
499349502 2926
1952316278 19704
1744336947 19828
2051746356 23726
989368568 5344
1708338747 1112
1113360056 18713
2129983944 18655
734833105 18552
1787800015 18992
1244727404 19807
2081951364 22753
107742765 20329
767296555 6010
1526376914 17765
128650795 17694
2141644725 4010
1509052896 17710
76724493 9192
1480250801 13435
1084907196 5501
316129140 3904
1230720247 23626
431638478 11410
2111075818 750
1376745719 20310
1363030751 8304
1320517876 18719
1711830157 16901
245286845 1656
1251374449 22601
1605858784 21079
1789771323 13198
1505394864 236
1936465190 17612
199472909 13422
319607391 6774
54734011 21246
709896063 15003
1591988153 1974
1676376010 17750
240660976 23080
1715540687 4522
396199048 8266
973695535 20212
2126379342 18305
604218439 12640
1739484169 10069
1517734447 23010
1836229012 24251
1627623356 10161
1764898625 19630
453222883 23625
1099591718 2096
593080792 23183
1149931360 19366
542341503 16194
1506522636 19112
824507493 11393
982624754 14648
2030064421 2696
1958620091 787
1654372055 23771
1880095466 8442
159302270 21570
678828474 11865
1378629001 18413
355692632 15865
353552423 2593
435481771 21539
1395888643 21082
378779870 9923
1399600048 24556
1778993075 2503
581818947 20204
429313448 16369
38733966 5111
1891597532 4954
273567485 13777
1096566279 8399
414566278 14235
1369542081 20196
279221741 17301
1421348234 7014
210970861 3623
1835999140 16499
494628573 8537
1142850614 16474
121586997 3803
1028393653 16906
1953915 15348
1035221407 20940
1088818267 5159
1472473089 12336
32849586 24838
1468350296 876
416134366 20336
1198281357 24609
83882157 7927
1459933912 3641
227679766 13993
324735514 8091
815861000 18997
1376394599 21153
231167583 12905
1357779583 3846
272074180 8562
714536888 21678
1108296770 7043
167907229 2437
347748235 20444
820006366 14646
283013573 21862
1875852729 16012
2051896426 8104
1341930367 13335
538291280 20850
2021788147 9646
1867912137 3182
1984009024 16923
1689346503 6197
1289934465 19994
1399651852 14318
2062825175 3355
172767973 10393
1036270344 20840
1647775712 8367
221503274 8489
1974275106 8272
80763921 24435
2048634056 18076
1205274972 21839
1720396015 6772
584240152 16581
496555552 14336
1422607663 18168
1057990458 20703
217862563 11798
1562225166 7954
300848492 10845
1460797446 7554
244256610 13926
566844410 9735
223102410 8828
1092023223 5945
52876921 9474
735923786 9744
1155963084 6290
493428567 13354
1890580193 9834
117456918 17816
806241419 22631
1565872634 20344
1725856730 14555
9694425 14711
1325292598 23575
2033458814 499
1435758063 24698
74538104 9755
1194130869 13118
878778163 3597
416586607 5788
586183611 20896
1562425593 10359
1393360009 5769
326934871 9074
17542099 1088
108890875 5413
892254686 9376
1110307120 7075
1750269214 19227
681387581 7212
1029814307 7911
196856974 5765
1812607773 8225
693924953 14476
148762425 8282
344417862 7869
1867967806 19173
1244117029 23421
1967202164 11046
1691068199 3164
784732347 8505
974443185 2775
1435859177 6097
1068273270 5912
661140009 18485
1063585804 22203
1064936770 4772
1548809678 20098
768717359 21505
1405829153 21722
1767588415 24380
287016668 10166
80053524 18357
1529048309 23861
336614740 16934
1055553794 24499
395731560 1185
894669007 20066
470622407 15627
710284688 18274
1829136261 10061
482502180 12004
389964598 16371
1445664292 24786
1775413060 16477
123844107 22616
2137550416 3475
2106465763 19011
607966907 62
91451235 1766
1842044916 9604
1434022136 18252
669325083 12626
1435613363 6907
1181574503 9065
1357342770 11636
1260855725 13657
451234715 12546
1169842191 1389
1647698119 3106
572014663 7398
1174678368 18255
183370971 14306
506034040 19129
563012526 14121
2072309246 11959
495635005 22563
2049979085 173
1691783841 10146
375021164 17788
1077949696 20076
971668570 9160
1588207503 3160
750881904 18495
1505878796 14009
246725263 5742
1342015521 24701
698069890 18122
1955213931 1832
677392735 17080
853376579 15452
648576727 17339
1195199116 17260
272571813 16410
1514876837 24854
694546085 15579
1894349879 18211
2027148971 6140
1441943181 3674
1317743054 24686
1834188403 8631
1139665658 3989
1407467923 23497
1875795363 8617
661342505 17271
728483639 313
975650052 12244
1979815257 4694
1592203179 22836
1121260847 1806
1977250721 8026
2027282864 10623
1062548358 6896
2105896841 12562
536130409 16911
1582641514 22379
677333392 5708
1228789914 24864
1698897743 21477
273509955 4324
778604363 11124
992211773 8929
237420844 2203
301024030 12272
508080040 8572
630844535 23434
1325232703 22837
734882762 1194
979484807 1383
226219096 10084
344537992 279
861064227 19516
1709609000 11383
1840672697 21450
1898856789 21344
524496540 7937
1167910009 14812
2033528204 24303
1579635290 20271
1894229455 4870
1514685331 14110
748715780 20060
868363653 10231
962704665 13109
2041858812 16850
317110581 8539
544300634 12280
1708896049 13474
997072466 2172
616736668 1493
2062462526 6635
2084144862 5481
1294308036 24733
565839602 21369
670425012 22648
1710649119 4190
1722373491 339
282101706 2539
838234541 13
371823200 5354
762113378 23410
1872994200 23111
1537125433 22063
1356745040 17075
425987670 16528
1059375101 4345
278166938 7321
1852775295 14938
1419344416 3607
952404515 20933
1192473572 10451
83000755 13727
1675351216 3854
1130268222 8237
250872195 17308
1432236402 23084
889111812 19528
829422180 3865
839705317 19288
1453247678 22244
1281066650 7705
438310787 3206
841604564 3214
1423903356 5285
1660034055 16704
1967718773 21338
50643200 11726
250458176 1561
1933328422 12463
356617612 4104
1783514981 4218
1523260241 642
2010555588 15250
1181362156 8649
1388720947 1543
1797994772 12539
2035767663 20523
1685645710 13499
1245358203 15281
946346599 4749
2013178588 22151
690622123 22095
731176038 15107
367096404 3110
1191602117 17450
475993777 2257
248171287 5253
2013858404 9059
169940730 642
2058447256 14051
1986416543 22198
1398641452 22670
823338397 8644
463742634 9806
1937010846 15370
1225090359 12381
900816402 23480
1695993544 24890
1124063790 22939
1520378153 14363
2042007394 20231
11413396 4413
1846295475 3898
532474048 19064
1883825929 23000
1663802986 22907
1289194080 8891
167454627 13492
2136264737 8432
518440868 21771
215814737 12722
2115277137 6697
255888989 13611
811514236 15665
1691659477 22569
494595015 21365
304111064 14461
814653976 8482
1545308407 16990
1195630939 704
850312013 13318
894348329 17368
1518001127 19123
464731090 18257
1234284795 21890
2056140619 14048
1994838047 15540
296985056 23577
774348748 5661
1507910532 9048
1405942760 12928
599905511 5522
1975005942 8316
1536540948 11434
467136954 17390
1239380365 22288
254481443 23898
1789522306 21313
1374899797 19846
1994709560 9108
1790072982 10093
1986795395 9416
877844136 3701
1220800446 13197
453781145 4659
1218774235 4251
1467460081 4738
1394361695 17502
2034332769 13157
99891589 12811
1209895033 24250
103028154 20625
1989405299 6953
2111815706 809
975548997 19747
1867393207 2320
1002205584 22198
998523480 21251
789392361 19454
1576157853 14049
1143866123 16832
889938299 17926
691589215 14194
403195887 718
809924668 1346
1917387587 3015
407152331 7427
2011753854 3195
754204872 22668
649942369 3499
1001924764 18388
418416085 13711
1660136289 22349
721104053 21500
1170566240 1843
1100191984 13687
1685564750 16111
540848780 21009
493646974 16323
89631789 4410
1366569382 22625
2029732541 20665
1644814877 6708
2004443640 5528
1888018519 12121
1881657768 17047
1627517338 9063
239599484 3100
352015609 16795
704347686 13150
109862223 9505
1448425151 3058
569464909 21715
109610611 24429
1907791257 1979
125236745 13749
492331345 11833
795346254 7519
69028622 14945
15245417 18082
1719626467 5271
1920849330 12291
1061988048 5819
236296986 6968
2056315637 23279
283558495 20995
882761998 12163
1933696567 12511
1355804359 24492
478292413 8313
1768217741 1339
244028850 8587
1703452432 19776
1975330131 23803
1034353327 23651
735124341 12200
1293805459 15741
1282615511 14166
1391673954 15917
658731072 15614
379603413 4589
985059742 3313
2025625532 18303
2022905772 18756
2045824375 13509
961838716 13819
444320118 560
1114380753 8336
1633771752 262
279379701 11906
320696249 19927
1583051843 19205
1824309977 18174
1770839698 22978
1123691173 960
730741045 428
580198981 1876
1247228453 7356
1150727037 20322
1353669957 14787
1353267782 12929
508504391 21513
1719209787 364
2053971957 19822
1038782011 7978
1638476727 22675
50920834 4806
1164634472 15276
789768865 19651
116670957 4959
1501940623 3253
195349846 10507
490231630 17043
1404339250 10711
1571989063 16323
1770616865 21127
2101926618 4791
390654109 8310
1731138226 14263
1423406478 6063
1395372876 9771
2022054763 2770
1319925831 1863
1641162645 22898
641591807 15469
934903589 8247
984241054 2666
969241677 18757
1226879062 17956
1072560813 7340
1579654790 8435
653924723 7162
741560372 13201
939596545 13735
265702494 8147
1538280453 17356
137255441 18227
1252690400 17995
647651353 7931
183449121 19180
360864659 14924
444663914 23842
967383575 18313
1750702430 13094
1592530512 2177
475047924 5268
1910711174 18022
848646415 13086
963244332 9725
1655036037 24639
1923044725 7253
1707513811 5166
876354966 13050
325239968 23833
1681590850 11000
2061548766 24038
2050013209 16440
1102731692 7173
1087660589 3577
1145784389 13818
1718292250 11895
360853451 18497
1233702238 22781
1712517718 6555
953918642 17747
846818161 7670
393800808 24770
2071872559 10728
1430494366 22269
906167942 21941
623808869 17433
901884236 18335
204589675 7337
593555902 5920
610853081 18019
852624573 419
61957879 20789
105387021 22261
156594902 8296
1268861193 12667
2035690057 24059
1617146137 55
1422662486 11337
885227661 13556
206964457 19698
197134863 22178
640960360 980
714796552 9472
824703070 4584
1623736416 9213
860658915 3143
840806888 17855
908469114 21741
130100551 20799
1655355852 20986
146210773 4852
1153170000 19617
80236264 8897
295539891 2594
1781837086 17849
636487666 16368
1949521861 14690
722580241 1493
1053816958 8866
215113693 2007
1623583511 13454
58355379 21333
1119642225 6700
1495217096 5753
1847451902 19803
234192101 3625
1535684120 16721
1058928753 11994
730764306 8490
1137262337 6603
1273020860 11745
1373981200 16630
682139946 3584
1131290469 6987
914917264 6120
1154059144 13824
861977903 6067
312658326 15664
1261603114 24783
1841314237 15130
1855049670 20810
2126935730 10299
1870816845 1848
1133068345 9282
442127846 5671
1717600205 11464
1092561308 14363
1782301340 4084
2115171344 15422
1294931983 13051
204496760 18498
598068298 13938
1023261475 18481
1161248936 10741
726499345 21991
444949374 16785
1667316391 17342
722045457 22011
1848675799 15847
1174444318 15834
571378006 13100
2103674708 20803
1127036668 20976
874291584 363
715668743 23248
617501802 8577
1355936113 18418
473971114 4502
815990899 1698
1486859724 16244
473904007 4638
394430272 7899
1533000882 9765
225064831 17049
675868387 1640
1851947141 16372
248618268 9233
849545529 16984
803765461 7162
1024765255 11795
2087633917 17661
1845697484 4228
576165858 6527
250573169 24382
1620270880 12640
1120776036 9413
1921241868 22295
1608872123 9167
1013727295 6279
676702596 27
470597914 355
987747378 16509
86054388 16358
2140081262 15863
623906275 4660
681400259 24454
571025043 7369
72079512 21891
807969479 21999
562240268 21455
1843980715 15733
1656121087 6959
2097885113 2237
1606069149 7170
1777085175 14162
888612848 7288
360771469 22822
685327944 2315
1745600440 8996
1720089145 2430
530766748 4621
604342067 12130
2090034246 14787
1285521515 15150
2053476099 8509
1603694112 6865
521596200 22353
591123237 4557
923639327 10962
2107411408 11033
1038635073 12337
437335226 10330
1200324054 4355
939524454 20108
1237962033 23825
981118982 4938
482251640 23262
2021632517 5280
265128837 3424
889113656 14945
1075982593 17342
278435167 4500
800694754 7155
560340991 5537
956531334 22589
1988137250 13492
1463682091 14164
1607398620 7359
349607949 19014
1365309150 15979
150409583 24479
1152818961 18838
1020610764 4343
1931189570 24584
170196239 17077
1047251590 22743
883654195 22207
1276588214 6538
239790469 621
24875894 542
765521444 18641
2013011155 21274
51442691 3705
1039842796 773
1052233819 12320
227430081 10712
458726715 3476
1433835506 5932
1816680957 14731
1698251962 4502
523499636 20151
1123346659 3489
218064977 8629
1150831673 7821
1549251243 2471
127381621 13921
1351506823 9266
1416547908 23244
114364068 22754
16968394 13434
1028543905 15267
648015515 2016
1830863608 7775
897503757 23205
1954172119 12786
1478279026 946
2054128085 8656
1000333546 15586
1734065301 19151
1188336628 8234
803847996 2490
696003553 9290
810947900 19390
1334988654 3425
953707906 10350
533854709 9789
1916653658 4510
462924535 24714
1886852886 17951
341963928 18846
317025711 16807
1313307673 23
201294281 14195
1294098355 17418
1455908335 1647
958537194 2138
1909955919 17017
486025352 12082
2097666168 19305
1754852622 20434
683859661 24362
771632187 19265
708051224 5196
27580463 13821
1543985637 13945
981306998 8270
756591785 2877
842892405 15254
198642503 9897
806569647 10112
1064098592 8361
1155225253 11325
310589654 5268
366602217 9326
67773266 18813
664093569 8077
473687629 16207
1765353331 16731
1660961653 16237
462197466 24594
538188063 16264
1635635651 8169
1621947729 19450
1924949090 4888
1581418048 14027
702770385 2497
1499762800 4654
106644636 5436
153670430 16565
1917970233 7226
2017400850 24505
2053409490 17807
333010680 5003
1047935184 6211
1509245498 4482
1291801996 5025
202668140 21785
546793492 15122
1184582505 17773
1400661290 169
982447293 8258
1017296008 5348
1390193714 7524
1954522294 10332
638516169 14051
1584624409 11359
704577642 13960
1377908190 9397
1276158507 22479
2111286881 8525
1348205939 24970
1966538190 3204
1118419251 5450
1872453211 693
1198643679 24591
889919667 9407
922748816 7841
1137382488 16239
167179584 6967
513399450 15286
1099242822 12262
1556985461 15426
1811675997 10686
699875174 8675
1294753476 5380
830865064 21179
1198397892 21306
564918525 10241
268401587 15315
266748443 24108
385311856 8641
1371914363 1803
369904349 19546
1633391680 4619
207234385 8064
705707989 16299
1325810909 13296
1966466198 13671
84769791 518
108536246 6193
774399105 19371
705541651 20794
1174201178 9854
1079107712 22141
919586773 20688
521794235 5885
1303919588 4695
795271390 6654
270699925 100
449271857 23812
981150411 19530
1010536237 6452
1434691838 7174
1905971484 362
38454509 17489
59045519 4554
1274725472 2203
502637587 16254
313196776 11744
939358327 20710
950340149 15725
1131777856 21039
1387590108 20707
1631352949 14049
563106371 20473
1005775417 394
928890322 12755
623872584 17253
313895515 48
48811872 12716
3462997 7281
1537330249 11342
56715720 15796
1442944553 11984
1748888382 9149
1470304762 23109
1832019163 23440
2143539410 11177
1296792711 11782
1332755501 9346
578410874 21772
773368669 14213
1840003343 24811
758989081 17924
559287930 8888
906374749 9610
394295578 468
1424588978 22213
67549510 23760
970765722 20896
1880252804 17089
480278753 19920
784779 4415
1579568526 13192
1926005483 4509
664709014 23395
1893941444 6370
787126656 18867
1434962297 15918
2008271584 1731
954087672 15245
466390482 17010
1440629315 19537
1127706491 16047
441918807 7681
502191134 16378
588139079 3143
643215484 23821
106691814 23336
440505351 17692
403815733 1130
2120493314 17406
446660326 17554
1655506277 1708
1660387257 12164
1689632822 14690
1207125632 9059
1902067900 8832
1070955961 5262
819530188 15413
427642506 14781
323830693 20711
657506982 3507
568128360 16441
1527244174 19682
2035910998 3534
1635550807 2925
1425064463 23477
1860658622 17575
1388345335 912
155200094 15245
795688598 6788
1162918526 2421
939742120 20015
494539765 12282
446701033 2640
1488825146 4683
1787246080 17263
87256488 807
1845414230 18610
679561924 24633
274812161 2133
370005296 15604
1923916906 18580
1077774287 14571
415123103 14220
927807561 10224
252660820 19677
105146234 20731
1570823416 5427
433821641 24601
442828373 10349
966166935 23865
1103734831 23238
20808493 2535
1566018614 8239
567343854 14259
2104828792 4944
55339160 5303
34528318 12669
252647935 18439
1943736498 18286
1510074357 3879
1064582233 24597
1960097277 16722
191326395 17233
357274734 19308
332098311 11266
1744073192 10443
215012236 2311
1048859096 13750
460589363 5367
1833979883 23224
1209215381 1875
1427607299 11684
850175898 15530
1677035847 19182
1766138631 12108
158682590 24920
1689146517 11935
1436511252 21865
619509674 123
1400324922 17019
1659777771 6828
40580705 9176
897306598 217
329177900 16142
1720130769 9347
716887868 8514
546575397 8083
1276414721 2813
2117880309 13925
408369839 8339
800776011 21911
441379459 5668
1547470853 13407
1345995869 20129
2082510705 14790
1378250726 22307
2110835248 187
1068555738 1106
598965995 24017
873456387 5007
464610757 7627
303355699 23355
609576902 20184
133746507 10339
1816797936 17002
1495105298 19583
386272695 17678
874390043 23202
876120039 10380
797311979 19956
520773824 4956
471135972 21734
417489556 11635
1739320459 14763
1511051093 7608
1104226153 13487
141680808 16275
1776277196 9841
942336934 7571
227933835 21330
418738180 8933
1600377963 4121
1411511158 8059
1062217464 22357
222685226 8064
1579724546 21756
882538811 14934
1579803476 15923
825480836 12174
254187544 18584
1628093840 16065
1137897924 16845
913512615 4074
1607080639 19453
222588168 1145
1819087920 8206
1547480688 5782
1188875053 16340
542169176 8155
881125935 21555
543406980 11438
38655483 22431
1183520804 10449
1571828741 10099
1743482653 4856
2024974801 3878
161874084 16826
924426675 18676
482877933 14964
928460931 3419
1672701746 3329
1210432585 18155
24607540 23436
927014832 21478
12567378 22853
732996537 286
1344954923 13397
1760564942 2377
1252299919 2519
173884848 12225
1980395827 3598
1671699240 22770
1490687495 4638
1352625636 17301
476562915 17982
418268908 11015
2006468405 1062
1560013652 6770
474153705 22026
491906412 12388
1737201770 11910
1531609184 23345
295961094 4208
1240339064 2239
1000199382 14094
1370180516 24098
2011765450 13941
1059817218 6338
425854595 10283
888252742 24565
143978103 10758
797839555 23076
1503547767 22176
865150800 14525
17617356 16003
679415501 17207
2019132162 18898
640841199 23523
1672812882 6489
961618625 15389
1891754064 22658
1672991046 403
1088469888 11818
673089279 24637
1831080616 18208
748050157 10359
1043368559 21978
631383372 5095
1076267591 6105
600149171 7097
837383230 18786
257014018 9323
1416121975 22617
1243211996 8388
1316091306 6284
1857129868 499
68974282 8805
393698203 22362
1612329274 12155
86901423 15093
1571142071 1653
1300377948 4136
81596097 6544
1056292138 20012
263309122 21783
400498237 892
624662355 4515
1139791425 718
1361019425 4367
98376312 12141
210788970 4964
1891114527 14513
736150669 20168
569957127 19081
432024252 22418
1965658750 3329
1296993462 13070
345935183 3911
1798846200 17622
78610612 17295
1972340031 16716
71591976 20434
973405831 15127
1645531645 16475
1338853766 22848
222052968 21637
756676211 14583
1083666082 5708
397405775 8826
268071227 23565
2035369670 466
1576584698 5872
1910700110 16988
1059911710 8780
1596173958 11826
632895192 15731
211109525 1091
2114718478 22701
524633472 17535
1404888764 10742
927962784 20229
1422403142 24930
1644991282 11890
1349872348 22034
278928677 20670
298284188 3327
634364759 21591
1276018482 24773
1335695116 2824
654357954 11199
12013559 6122
2139483771 8016
1358229093 7735
1127156645 24843
1169399467 10021
2083380459 18379
741709031 18951
1274878183 15794
715023294 6621
2022515939 15763
775182257 9424
215602145 18195
1680227093 7106
1695949719 3779
2080322778 16778
290107343 12282
1598723858 24192
1262904567 2456
2115605369 6681
634640460 18448
1160563996 461
911536123 28
721188653 14306
1034578324 1000
1331467595 11607
605757774 1776
1826677584 12044
1254443673 18334
931349495 15061
1656035862 9543
1964793719 1252
456938085 2383
1422231572 12441
2019823042 12068
392649952 4258
1947188652 2769
538264170 23373
1359202034 22485
96242232 21904
788707019 23415
426239688 1082
891045054 6220
630889492 3500
423543554 11618
1022149410 23293
1495406143 70
1165484848 17534
1406411806 11556
1782459406 1229
6456382 4286
1372164746 2697
816124593 2959
930355197 18597
666556289 12782
1060958849 21977
1932880607 23240
1155580287 16839
1482233786 21087
284134994 20476
1591274299 2442
662752427 6560
21470986 13302
736559631 4209
945627927 19045
1637177689 22656
925730925 11007
879315898 11053
596761119 16456
10429264 2061
1720113217 24530
2092615190 14303
1621340386 2596
342763279 22549
1178037506 16984
959704722 15138
1454525136 16686
283070342 2579
1737135200 21738
891435055 24029
1366457909 22757
1562904682 7711
431929389 7695
1717372807 10001
827871223 13013
1319170936 21378
345429727 2808
1919000417 2
1028954066 15927
1136915269 13621
1086436096 21548
1729999275 7549
1381012005 9529
1254959766 4728
356440861 20620
378040198 13838
1361190259 20234
1321313209 8332
1859663268 14441
1875486345 17424
1689805651 16304
693050837 5639
1915695953 11010
1218886239 23141
463742434 15298
1260789444 10982
391788429 702
415642436 16209
2061491791 604
1974066317 8057
1661435493 14207
1898287030 6813
37683273 11112
1487979192 22113
263218242 8545
1621284086 16677
1277847018 2725
330832008 3788
107488130 8699
850158188 8549
502929756 16913
1429617561 21374
1602522334 9863
1536811007 602
68154700 21926
1222948030 13362
1734464717 14084
1958480775 801
2063764876 20798
1612985270 17662
1105963437 11427
814867884 22092
1735415994 7225
1530267056 18089
1056585704 24229
1236083155 12103
520679864 8326
212539227 22833
1849221278 24143
1767983501 17934
659916645 16111
1284235817 7015
9477566 7746
915516977 13775
852075135 16899
923654271 8556
276638306 21472
849440087 17250
1957026491 5226
600988731 18562
835926965 4139
132730494 12757
1622461676 3581
959056687 20676
108026337 17320
1178463837 8365
1177867010 6131
1194710211 3976
1959237658 11422
324673927 16979
450655550 2210
1881674790 11492
90606961 8919
756917873 12357
728040121 10428
519205695 1777
1979084850 7098
21985735 14686
665850848 9143
1644814231 9693
2037534089 9407
101893339 8948
1896132872 12926
1780207895 9731
1896762782 13254
2053323473 22344
38435542 8041
901833885 18366
1558853053 8237
1713774650 23674
295737047 23873
1567569472 9713
817561011 18024
354944475 16736
313730754 9893
158697148 23583
1700881564 15070
849978588 12626
1204559916 24927
1776105200 12217
918437822 9269
865413424 16769
115220352 3382
714366607 11450
476186013 15071
585824450 13494
623527189 21342
1817320206 8006
488653505 23885
758541538 8089
672398660 21526
2057755248 12190
1083264716 9486
384043376 3379
1911664829 22467
448735969 18537
1621082481 21479
1604399438 10368
35157190 18094
1915529081 14948
1734641241 5042
10258307 2843
82907106 10497
1209077231 13344
1121452270 6740
1031218775 21198
768098489 21506
895311434 11469
1757408759 2498
512181197 10043
1371472644 14182
188084085 19811
265967902 23376
2057628663 6185
43161269 18851
1624146173 9253
576495652 17833
2081549499 3447
1967299798 20667
1029864622 12770
747737012 3069
451079742 3283
2140307927 7837
214134605 7957
222110276 24195
1057439807 14020
1575313675 21421
1238530624 24441
292355018 15191
877489065 12367
216769278 19885
222736807 24963
1581510210 20070
1868590541 16120
1064761866 11060
1479158058 21366
1244072894 13449
1118127837 4634
410394812 6250
1644725405 10369
1127388659 23222
105228136 4299
1455583464 599
2120312951 20977
2041858630 1185
1324383765 5775
1712800248 22843
1619133079 2603
354066298 19361
1074633006 18800
1157306144 3053
1887991608 5942
1005780731 14081
1677268720 19605
1729411862 17748
