650209344 9146
1225737025 352
507954406 3606
1738883925 5757
1830145780 16422
1404945387 21005
601807548 20811
1410207246 544
1841904870 2585
454068062 2130
1597529980 7109
1347973293 13902
101702117 5519
1842038935 21924
275023170 6483
1352948002 15571
56408313 7832
1438571367 21181
2120884017 21423
758531079 12347
1085450407 10640
2123192308 24476
1668036970 9301
2040794211 1126
1824916432 22596
1682866438 18902
1775159313 16683
640359676 13918
1753543124 2978
777017559 14319
1312216225 4629
732801988 17662
1850863946 1008
687402363 6104
1728427675 15497
1755892521 23741
571812822 3042
798968938 15213
1208967495 11394
1660560917 8347
2104476769 5346
529798231 22641
1078575452 8602
649614315 8690
1430308691 19895
1495006700 7051
1509657532 1041
539418592 6270
1539866462 4947
2046916964 7273
1672888486 13715
2141234918 11441
1737542621 19141
1552758976 6376
1433749899 13943
1184408018 24390
511266186 3048
1780236028 16412
2004991177 5081
1957353859 24214
1618930789 5182
918631060 11524
1885695270 7460
967929622 6898
1061978457 2940
760080788 7182
1370478466 16879
125399048 2927
1006827562 7060
1533927507 12139
166166048 13614
829634304 302
15749683 4159
1576381212 8981
1237123927 10336
1945970715 22251
994818469 342
995700041 7754
303943687 19467
1083551410 13762
905269342 4872
1986355703 16571
35391451 13525
1284199061 817
1217486283 16854
1764399610 8175
197451971 21679
1102285848 3768
383419985 22356
1654999115 8143
1488821688 4895
1734900147 15768
1184818480 879
279601969 7074
2089597536 20309
1464509564 4544
386715732 6041
157400366 11209
1557058818 22568
1008263393 23338
32867022 4609
1792009300 23706
1464037161 1276
260793434 18848
626906939 22788
315422367 2182
1199501212 13878
201633473 15245
1059963568 7047
1609417247 10224
1104202603 5012
823562305 19536
1681314620 12452
1546782335 21945
424919492 19546
2045809150 16928
831065880 18752
342193577 14575
1509571867 4140
1053347071 11518
1730763382 22142
1360108619 2944
1553009476 12975
1885713645 19424
1726251483 10554
1176158177 2664
1835403210 9213
854828921 1258
1210391171 9371
266580939 24626
473648778 9938
802927708 24448
700936353 16922
282159883 1370
120097372 11073
239687682 6614
1479489940 17992
768792355 20944
1493060328 15337
425364926 2669
1823816630 2667
785528129 10968
714654207 6403
714283199 19305
336493300 7139
312943845 9978
1136519455 6714
1528214441 22744
1271354127 714
284116792 4164
533157438 23099
13857310 7181
2132567309 448
1493275922 15321
743139935 18901
155470908 7767
672726671 24139
1928585904 1096
390788383 23086
212830754 22667
41866046 9162
30820119 5519
1828944594 7209
1882507016 22874
1935037263 24664
1754091708 21406
1941618126 22849
1218313337 14691
493857368 22574
1573566036 18617
1004364774 8407
943554576 4779
1167029527 7537
1276122625 5455
1551800513 15149
1090612429 4265
605520209 17262
509233893 17391
1796383460 4450
1504901931 24802
1892746327 19784
1957948935 15158
2057875942 7753
1915464454 3890
1688098545 4999
948891518 18728
469358329 695
1427245683 13817
926629585 1737
904081127 417
1233716773 6108
1740671213 24323
1275527557 12821
2029522525 9439
1674399460 8377
372322756 16195
773093494 11770
55894970 12093
566638379 12197
1448065750 7310
138306752 6277
1091343166 5048
551901818 21352
1803627564 13978
1696578760 7182
1295550196 7500
1770710417 20989
1412541892 4156
1655246659 7341
790094863 9903
187910351 23359
1276071511 725
630151096 21256
2095101110 13615
1328640628 23226
163711875 20571
1039683665 3653
11043667 7290
1019341328 19737
1502096346 21711
1702959716 11796
571725227 24893
491344572 12752
1127311831 3731
1037645720 2356
1927655420 20085
454935540 15785
2019522865 20033
1883119717 12672
358444075 19039
1788517057 17290
209604617 17638
890818847 4425
805284519 20703
2146416797 1185
1114590713 6424
1336360505 9843
1953135026 20182
1017634501 2445
2147120542 20428
1473369893 22926
981654251 3691
122817433 9508
705419959 19317
1747740979 7741
87982476 24885
130431070 265
1895389026 4163
1150878188 3327
1108763416 9434
461883280 19389
80125964 13144
363368368 3123
2596491 21087
1634807785 20624
283820424 37
1506507721 12816
1219363548 24975
1809640388 14392
920361303 5225
156477523 22655
1363483859 18797
1636323800 690
281831959 18521
120057075 11856
1428834999 10514
283227779 12255
600397251 7569
406443066 10573
1737324448 4388
1452691223 23046
2083669186 17367
874300722 9121
1539792766 7232
1499229130 22784
752951895 15950
831843182 4985
2113621018 13809
502430262 15622
615211089 6464
616958522 12189
695108732 1658
161915511 20540
1399583555 1942
391427639 22261
1765142864 23743
1754051520 3694
1442440249 8787
1445073011 28
673582244 11739
1792986047 17655
1904858220 1319
1841374158 22657
1643226609 20391
910278710 20312
720430022 4723
806716986 780
1976822395 20909
1660039530 16239
642603497 16230
68027840 22529
1917474266 5693
1548692575 20296
907570311 18841
335673342 6591
1324356825 2798
1917111078 16366
675782262 24482
358629501 9342
265002703 18277
773989492 20508
1840390421 13659
1485930289 14523
856658482 8442
598084391 17044
2063752301 17546
1580446906 9188
234416199 13884
602333333 410
22139171 23713
365338743 20654
652294535 15852
1056989961 17881
1273688803 6729
1353202387 24571
1521459580 14944
741844845 18804
356339432 13493
211813024 22911
351786553 6665
1111456080 17029
721704585 20748
2104228144 15074
2051721654 24867
1817205548 3034
1973498457 3831
1965456388 23086
879631952 12643
133317596 12919
9768523 17764
1373749025 12125
1647385518 20107
805323665 13362
805571266 22116
1693793660 22302
742303246 17782
2099401842 16714
847864133 15987
1084362855 17597
1690697835 15021
796604738 16645
1913421454 7970
157982159 430
1592706214 17618
710413481 3360
2084948638 4004
1835106788 20138
1597928933 14993
2039564676 19735
2023893321 1950
401040301 976
1998102936 16193
741012629 7424
1232477252 17040
1734041637 6877
1091533453 4508
924849308 18299
1430300491 5043
247345619 18814
1814830471 9401
1440013480 21445
1316911666 15564
428047790 17525
1859531089 21451
2027958930 18476
1314805955 22051
786533744 10454
868065887 23656
1581229449 22673
973979665 17713
327854562 1150
795893289 3641
2115733429 3594
1751174111 17835
405516044 17619
1517388292 13440
1773128745 811
1494133583 4748
825624467 8132
2064714197 15093
2002688401 18280
457692422 3658
1954100661 20622
606188347 21258
1625747489 11401
1698828933 22173
123689194 17278
960164332 24740
2129279515 10250
1660832913 18715
1173670090 16779
836704745 24381
1711848456 16932
827656741 14529
1598794533 17950
469601889 9807
386929521 8613
1136394078 16548
15531732 7441
236802118 23587
1058434075 24804
185928948 6863
1425744698 12214
844198001 6838
1135864708 2316
611736863 24006
884511155 23026
1072898749 17886
1741562589 17657
804399111 22744
831606651 21036
1219928566 21920
772335152 2839
721466739 2886
1745732277 18226
2066494045 23464
1574348716 8436
74167400 14542
1689130126 18386
1813496043 6782
465826501 17821
2125968732 21226
168319665 14697
990446573 22329
827064669 18948
111567310 14928
1424980715 21743
912838992 24069
2126493171 17311
1161932689 21519
1856645156 16245
1525909306 7158
173890692 5345
720825121 6852
628128282 21118
266134814 1259
1574334614 20943
1127333072 15222
504181898 15602
1525983965 16354
1149614866 24038
1726623924 6407
325332096 10949
2127103584 3039
1337299932 10078
1540011417 2275
1963055988 8644
1170264758 24695
2070900410 5155
1821557597 23585
2014890459 22466
1155257694 21171
2085318939 9269
274483377 11081
612249304 17157
472389309 18388
1895171501 1977
789601992 7009
1577271540 12869
355310095 21617
1228950851 3619
2129344880 6853
1611094078 20706
795591815 7420
1349916030 24800
993235170 11103
2052238726 21974
1917916011 19780
1778252448 23488
1617618197 24215
2025574944 17125
1924746240 11061
805900204 4752
677480471 16375
746619228 14135
640718903 1400
49766523 9258
486311503 6982
780286924 8861
894781888 22047
1979581730 14367
390935057 3592
1028457345 12819
45291114 4985
854493200 716
733249725 8321
531186336 16609
228233783 7114
872541433 15057
925599747 23109
1756760139 22578
287162424 17880
169460431 16224
591086781 13694
987538438 20123
1281121376 5592
1596056701 12041
738412677 5178
604375197 18556
2122478167 22202
16185340 15561
2083648926 18819
1761359681 21444
2007295920 3698
151558025 2355
2072468180 2808
1409731784 2599
556146082 13462
1227756053 21820
1423107926 4629
1909658321 10977
1645325584 15975
2092377616 20282
431023539 3856
826664055 1153
2144399109 19765
989931591 8207
1325854121 10443
849172820 5734
1864225033 13679
962466474 14197
348642062 10509
1292751260 19000
872563919 5320
181581942 22092
319409806 19189
1561355657 12407
18302738 679
851477614 8363
858159457 22576
1838690472 16657
1818670198 5825
640018906 13709
881683797 21269
1687816713 13009
851700841 5104
807848505 20164
1728448049 8941
578437261 8112
1738506778 11513
902281221 7048
946343955 2776
820748093 10775
367981363 19764
1897027569 22221
1521812058 20
1647200527 11686
1404058552 12056
1396562347 20931
659676728 6161
1585616213 12305
175515489 18831
1926731415 22994
1672850290 19148
867553517 11472
1209293848 3114
690127537 8528
1983775643 5889
513185054 22052
1650187898 14227
861050475 23746
907719935 8577
215729407 10636
380540915 6745
214041876 519
1996067629 11626
2097621222 16438
369211939 24302
647225995 22356
131661340 2039
1210004806 19031
625892110 20091
1765320254 19237
496404277 8543
1786184434 24459
333320978 15208
1088132901 10530
1508435184 399
66617123 19826
1654663385 1150
1969327016 15212
1890642048 7128
1805492627 20166
1885035885 31
991093553 16443
749312669 14206
447088342 18367
936918250 3855
1223985188 12531
614395883 24968
251198505 16465
960911819 18794
1973371078 3516
983968966 13980
495790507 9740
1932229568 9607
1784541842 23592
549439344 9620
776343343 5599
1861798633 1860
1122114385 4293
249683088 9470
729402662 7529
943256966 11826
878672417 18245
1623924058 22037
429810292 12343
192334287 21583
591938498 9132
717942945 5399
509109536 1569
1924154485 3475
1187865881 12873
2140918803 5274
499600213 11877
1917428698 23138
2098680118 451
1046990384 19402
1749441230 23884
620388080 17130
664021206 10383
364453262 4113
630841502 5083
681673733 12833
202970248 23451
830279325 8465
2028008690 20724
1593376658 20511
237041725 21035
1876746872 1244
442467730 20338
728751595 16922
450685651 20770
1971299412 2075
810908021 14355
398078330 479
1787067150 14502
2092685849 1004
452301795 2637
2081082524 2577
1317585784 21099
1415600067 8598
992891227 9999
1295127576 1392
874183435 3243
1582278359 18291
661900147 24604
153320301 10856
383922621 12286
2067425791 15879
245750067 5071
1277649478 6010
1772754087 20582
23737072 21988
1270647497 17213
1178461364 18491
974651792 13077
1953783253 13122
1384978697 10105
1306503014 24106
40957418 1141
682037222 21342
1440171911 11678
1871940373 475
1255840795 17906
314648049 21645
809367285 21971
1413132126 21239
1357274328 9105
1365975924 4721
300348853 11364
1880168477 21655
56857497 8802
287095227 16527
263162034 1985
1363621005 11212
2021855845 17677
1419693354 2027
529379598 11119
1502325137 4562
405543738 17358
1316319046 4898
149866728 12746
1344689055 2091
1424541125 11439
181969105 4915
1461751584 15315
478081072 7546
517229328 22042
863579358 17015
1617780257 24764
412621009 14949
485011943 2368
31451471 23679
1656229404 6400
66661074 1220
2136348819 23592
856176659 4845
1207222703 11803
1892501265 15376
667634614 15271
588580980 15957
1640781652 4099
874965116 19628
1152354625 3602
515057431 16706
785979365 3288
1622016898 23911
2126930526 23811
2065607298 2398
402577104 13592
193322082 12649
2123367465 9106
74277675 21157
1977496793 5065
2140794067 12330
2004869352 19741
430130643 3347
187732252 8014
1706191873 19034
506839182 5760
1853476355 19572
493959684 3737
262276890 17149
1893872974 13054
1676568217 5930
1713084395 16211
2088006730 11683
1721753015 23662
1675753770 22246
511405209 16247
348682178 14910
1642908941 17400
675029689 5837
397710213 9584
1701721273 11759
1520766582 13445
307317801 5694
1189900086 690
781696792 9899
627548407 8527
543614155 9075
1567654165 24401
1958768256 23933
2017010744 2931
617775715 13452
166646506 11219
2059340419 21021
1315027779 4182
426731813 20689
990417048 17841
392594908 7932
1377996876 22311
132296871 15686
235669131 7830
951222160 15597
1225048687 7698
534901579 20657
1704646748 7455
1789480481 21564
959168801 4062
2017776051 23198
301757558 20972
2079916111 20252
1761366753 21356
2008747417 19175
1753828287 1871
188534392 9580
738642545 14826
459942383 6021
228854562 13663
1274587530 21454
741137582 2332
1627273191 20366
622377640 18547
1708157874 13885
2058844374 17342
391836179 1413
741915155 16518
1184314393 24831
1106746931 18741
112598089 13361
995738278 2477
116879888 24244
548404892 8944
1876146806 23964
1817187981 23864
2007000368 20865
1180646207 17409
1134736804 15402
102023297 18416
995904607 5868
626154432 11474
2110768062 15
418508513 13424
152055370 21825
973002578 13452
1420897402 11130
649413175 6035
1730942700 5330
1245944063 14819
1115620775 8511
1752302734 22776
2059032200 2346
1782292641 9405
96653352 7014
1706052869 22974
740713870 19067
975770082 23984
1154759631 24283
701076868 7751
1350917542 11064
380932649 5570
1263987337 18685
1078304834 14382
314944056 1504
1114797825 21948
2088257658 2793
1739368991 11734
896075969 2209
1728468124 10358
1855771013 15333
1104833096 4165
422345496 14798
1288973247 24609
45626022 23375
409982619 10921
1704750064 16061
904329881 24043
1823367228 8126
1983037468 10924
1679056335 9841
813125039 9212
1117426932 6898
614355752 8663
1451060658 2640
645013947 21659
1538863447 10260
74683796 14365
991808305 1353
1334291433 10935
43249640 18661
268602853 23912
1837301566 23495
673161211 16997
668210584 15725
616273846 12293
2088402368 12835
999630475 3653
553738360 24298
2016053261 1305
1016375284 24777
1569623865 24613
1094683169 8637
598630001 17940
1584596366 16365
1939060256 10675
1562600689 8098
319427522 23499
1540994425 17861
1750834472 9443
2082439719 19009
715581950 6994
1843563869 20047
672476249 3783
1690370746 5159
570481854 11832
2132772278 15069
540332318 10043
193375659 23424
915907374 9573
848653376 8802
337779734 8858
796986924 17855
1076797866 14412
1338030585 9048
474901307 4761
1643772074 3291
1426912677 1048
990907831 20897
1694563184 17642
36741589 8493
493841974 23762
12718894 9157
608057714 15796
908689359 11412
775981988 16144
2131171618 11205
1411150263 12785
1817074583 11160
751568191 15718
1890904836 5101
523065200 21451
504830843 14577
837138498 15087
612943158 15712
363810149 2208
572233122 14211
199243538 20305
1150821741 17438
1698437218 10822
232137446 8271
899394961 8223
1934772401 2470
568168091 16698
2073174112 17239
1998056661 10991
11584576 20144
1262092271 17905
1188009229 24087
1333913637 17412
865513769 16308
1992788696 4257
1185271223 8441
1734368693 1649
194184900 11435
386846945 17340
1671939068 3813
215358285 14820
899868942 8062
1747603821 4293
296100626 17159
1241448076 10524
1291219830 9858
933256195 9995
1799748900 5577
321140823 1933
1429134110 22199
1924934387 22468
224038536 15665
13631128 17873
556829819 1374
1750024967 22594
288177323 18851
1193765533 23181
929769317 21850
1854004113 9923
441409298 20440
690787081 8461
1223264283 15588
423500962 3234
86958899 19714
1671255335 3375
1771166562 24483
756749197 13293
415000529 20625
1698501599 19444
2015227852 9400
947575531 4799
436653928 22089
186041317 2521
669744502 478
2051844174 24659
1432418085 15431
491014936 1486
1787653447 19871
207627452 17724
1298837853 7590
1164726061 6678
536940200 16822
1015600841 12425
1782187985 18870
767495023 16449
377003284 24278
669127972 21804
16987338 16181
297226019 5585
350487018 11850
2000881811 2149
225924589 15453
514624897 2131
311428616 17432
129584597 438
1942368931 17664
1652834842 22295
1328964279 17460
403393596 7616
1295375897 14119
50314137 24814
1302344057 5639
390796207 8425
211600978 8110
1092717427 2370
1072801425 2461
1813181322 10803
413073336 16220
1169457837 20556
22341750 10466
298980151 5858
1491699345 11863
125509223 24474
1747017415 9369
896885818 6397
2140112972 9296
1522266100 3654
1650823815 5266
199824476 212
772596859 13080
344961237 5210
283238875 14127
438717734 5417
324614445 8588
1183687031 17233
418344115 342
1652489465 24321
1454411659 10538
79741108 23668
766309201 5188
1693961240 20845
426622436 9443
36055818 1451
1257504768 2541
499169501 12150
1007034049 3887
988954609 5353
1798517426 3923
2086951951 10482
343508677 4746
1440543630 3597
171350086 19645
452218110 17687
2090503702 17136
1277740 23426
1120112890 7116
723196584 4675
1671591127 16240
679312711 21453
1659011183 5693
34179614 5023
983381650 23595
2107568483 4847
976026607 20750
1127886766 18147
1286271426 4307
736781103 6911
801244480 13056
999222307 14514
1652546726 17009
1852953370 6565
1794574297 12394
1096271173 12426
158530370 5652
755798689 22695
163214026 15524
71801615 6233
1559830436 11769
1205285235 12405
45420323 18075
437280411 10732
1608455725 5234
1844149609 16971
1329489812 3828
1975632072 359
830176009 15127
124016575 19595
376915433 19146
2006750627 22617
1078721399 7827
949960501 9450
1182131059 7468
1722152828 17653
1878378132 14527
182048147 1143
901046948 9880
1885034426 7843
127515070 6740
1812987735 1251
937554474 13299
467533937 20657
1249509570 4736
278401049 13631
1750234166 24532
488785551 1705
1379693764 15675
1745143207 22340
1977000683 10163
512807239 21263
1862708739 19788
1679603785 11655
2048853871 22745
1602395803 5856
1460165793 22006
1790345884 6664
1851736385 22180
1124092891 17762
477169237 20056
838499766 14238
1272214101 3650
692911068 21923
1102657595 7947
451311687 10102
2074124547 750
1507606108 24300
749840181 7067
915795725 12661
682146038 24766
2135634315 9292
1265114974 14763
2062610819 6844
830147127 23698
329318776 20532
1061270522 3378
719646981 1576
2000966056 541
1586257217 4381
16606251 12433
856909812 22071
1364679915 3023
717326717 11263
1628103021 12044
956415708 22607
585075456 24583
233969309 7787
1677983021 15110
647634906 5541
1416161804 21620
1065333045 16510
1133181216 21148
1802869103 2998
511002169 4885
416894319 5051
36738384 20764
1659775124 6616
1121300479 1805
1952084002 2213
1702464735 11645
588893817 2835
1466947394 14737
1189791346 20372
384040783 16631
1671825638 2231
2100630162 15957
1516845556 11212
648944708 2786
1649774860 173
1304329013 7458
755407916 24194
473514372 17762
265659859 8951
1884660301 1860
884409613 15922
1546455928 7228
664313573 21897
477469154 7078
876953627 22361
890531518 8399
588338661 1246
1677621148 24994
399981353 2287
635395937 5023
1929178529 6980
1040031027 4928
1817324079 20601
134533690 16872
159829211 11951
512757290 12665
767816513 9015
1732724885 23071
1821786610 7719
1461622779 5813
637918207 6137
1193787215 2075
249383329 22398
1871517199 9956
110638081 15035
133733163 19976
217999614 9141
657203531 3264
1261246588 14078
213366654 23451
1921896742 8016
1616682615 4146
226965220 5117
237495382 24184
1729473093 22194
249189835 6155
1097244259 8753
994047373 18362
1876602895 16384
948902848 9992
1343575739 22111
1325953153 7167
535855139 1337
790135273 1709
663022026 13826
2030362023 2454
1690662765 18352
1460371538 20936
2144037805 24401
1427292155 18135
1991295098 13084
690883098 24122
1343632593 9075
2077611727 6852
2056176149 8624
1135185251 9149
1056453736 7602
330712056 22196
1282432621 12849
1550432151 17214
2007189966 9696
156281834 6520
1747665066 19553
395011858 21102
1251412478 21574
1390167578 6788
382434191 12287
1573231345 1635
2008848067 1400
660665212 18970
1148924530 8706
1057285919 23733
725197254 9226
161031073 6899
184308942 21144
281906860 13346
106444100 16611
1034082915 21066
1154902782 1490
1910138164 15272
1093721856 11469
1586619621 23619
2052173117 21889
1775087407 1581
649729882 22386
1790350609 7451
1802232011 13971
913759087 22125
104042831 7961
645130138 3810
21721770 8314
1264519447 17633
2133875567 1341
953350911 204
1579671363 9704
2128049834 10806
1944319274 600
624357719 10257
1986455088 21543
1640267492 1973
544678403 10372
60909508 5858
2079515361 16817
169487898 21795
1972698944 3259
374887077 4048
116062586 8295
282494823 3593
836746743 3990
432588876 13049
850081659 3739
1053917607 21332
1544397593 6255
975576662 12049
1829688920 7853
31830396 15607
413228077 3304
2028660674 6412
221207628 12003
81182840 8698
594115641 2753
674717913 23398
1285181239 24746
574265518 11506
845258449 11703
1793527679 16425
1690259370 2349
181371156 17526
1936483430 17192
626944810 9613
1972441881 12998
1342514264 22992
42865203 17767
263380600 5290
730256862 15496
82653603 20846
170979052 15046
658392033 2936
748545268 24463
2015461605 17800
1497454579 1273
2018757128 20989
751102771 16109
931002454 5983
218320640 19908
213543988 9170
1559358298 24901
1976652186 8644
896252019 1762
974531770 71
2081978781 12268
243128843 8694
2096358989 3696
1023791392 23816
1426001213 18365
478339760 15994
50450689 24889
1065693868 3175
437185636 16716
1164940045 13
1399940306 18767
1035115319 993
515545036 8818
225230742 6823
726657939 23686
234536422 15730
1516756500 34
1860853944 11032
1254265818 24887
1481150047 17415
514957617 23521
1901622066 6856
1064864741 822
510117599 6297
579342143 14394
268631662 20675
255072882 14499
528325773 1001
616070622 19550
949365309 15092
1344397185 5632
1431413736 11579
438601051 23771
1663216626 22016
1265472017 12225
2091600360 11614
606836398 22524
777610168 19349
915068372 4644
1851410238 19598
1337332426 2544
813678528 4055
1412249130 10022
1017198213 3938
1291462292 8082
285002293 24181
1429386495 6424
1489700833 6115
1240623680 22407
394244083 960
1001820570 6170
568802615 15071
176204761 9458
2041445349 8557
99662937 3229
913419530 15557
1470117216 4927
1282990072 15708
911917060 24583
1361764792 6689
1075598046 8959
372888780 9341
684019040 12339
1820929384 22585
1913595922 23322
575704407 12662
1667876338 11945
1231978776 15714
2048701076 21147
102336863 21158
1480334637 19711
1580892212 17786
1404074669 21530
1651009902 20083
738727596 8500
799813257 12251
1782280862 17058
1078432234 12710
1533372655 17953
1197217062 7842
142966675 603
899909174 23502
1070275810 21394
1248495917 7126
1204517318 16411
374894671 12038
1905708288 24207
1866755419 20050
1790546651 3242
2036129057 5247
507997504 20689
1948108887 5282
1638770119 5934
404081918 20930
205015830 10008
1063929887 7533
1814402043 20675
444268689 13111
1803981050 7516
1782599621 7400
136338505 19119
326462548 8775
1549936256 734
490409885 5262
1942311048 21774
1700791942 14540
924160880 7318
1500371985 4150
720262972 16462
698746722 8529
435459703 18749
1238314020 18327
1166782432 18260
1505958473 18333
1389316120 23787
1232707615 24197
1429516471 7913
797710610 23324
1765996213 19180
1228594499 19924
9984093 11920
1257165726 1974
456216041 9385
1024651737 21063
2112994440 20850
1132829247 22019
1211591111 15487
1754591526 657
1690540374 15826
921751575 23234
856387051 22722
893718387 20420
1292225921 11966
1341899143 4146
288686288 2476
501221995 13802
1028853794 15050
1464035627 17807
515390294 18171
960171398 7570
2047232562 21798
150738186 725
357973078 16186
2046117693 6531
1425727739 15368
2124700806 16381
1545943182 9809
892913794 10127
1762859048 16337
91296307 16084
121296930 18613
140433435 2239
1975201873 24992
1101355790 22189
545219896 22189
129026122 20729
2085123190 3317
272918813 15773
604033045 11023
1634492354 166
1318498424 11222
566954862 18776
1639195424 4804
531497018 10074
880918852 6431
348702959 21142
749162143 10166
238035377 14211
879567844 10718
897894911 23022
1098629401 7236
639664806 4676
1465732405 2156
273141667 13251
1713623397 2794
1365641149 17207
1527857762 3762
664725254 21499
1684911566 12246
2106345658 4542
470785994 14044
284206902 168
918094227 10403
1658703826 11818
1140439432 23172
247419631 7978
1460680261 7895
38299683 2652
1760958332 21138
1363078578 2541
1956059808 10381
1489567481 3584
1143325709 20249
1725678634 10086
1502823008 10565
1308308524 15831
603483322 7746
852482787 8496
325362829 7619
1578750570 15968
898535787 14156
152243453 20730
871864653 6043
292132111 12265
1075202827 7268
2100889570 212
2098001769 1236
1788385443 19017
607058036 24391
1142757773 10382
1374608382 9493
1801375779 24143
331109245 18977
372128707 21769
446063131 4207
2061453277 9907
222953278 18225
2117760116 3010
776130303 4939
1560369103 4206
1226498481 1314
380630801 7163
1363233837 9867
297328093 20996
1704461344 20802
175728685 22548
2114285989 6664
599656670 2949
1309669762 7826
78317226 5495
1711394138 16196
381342150 5354
1162146423 19570
1299754534 23293
1556210201 11889
718284188 6578
771169458 5238
1290339087 1812
184752554 16095
1174779651 528
1167826208 23039
185081612 5294
528413850 18863
1923342560 4551
293197417 17523
198100803 22176
713860015 7058
706517847 11956
1637496346 4463
2083899816 1698
1706255579 17362
1082096168 3821
413925898 5669
1582521458 7111
1442898394 12832
1621417297 1864
918484835 10089
818459911 10898
1676277563 10530
854142125 20682
1920923140 12485
117391376 13313
1739098649 13280
1570543225 45
1071120787 14764
487351442 12657
1586635506 3994
1947558519 5968
389904267 23448
1169834563 17465
587581196 7221
91987910 709
548948504 19470
945186303 15103
1122858388 20681
371756742 16608
1162546111 4831
1076085497 14538
1233705237 14936
504242476 7179
304471141 7517
1084692641 482
1720706877 19846
1064419100 12704
633945841 5803
1057222245 10611
166044720 9547
590615908 4064
917457716 17998
1569421658 15493
1386441459 21750
315329100 14961
1336851510 21820
2064677348 14411
1358466264 10741
1716876694 19484
1154749372 4279
555320771 10189
1679323116 21920
543072161 3661
1701611915 8627
232135563 9404
573814048 22763
1433261173 8580
863757994 2110
1749236876 21080
1198961626 13206
580190905 18486
1580305646 8078
537536541 5107
1902105637 24938
706956517 10522
1362323713 7226
115474022 11783
557477657 48
556617028 4541
1393948364 24117
1705191450 138
299478721 19831
1434535576 19952
1195010969 14545
1986400337 14112
1671344316 332
386335097 11752
1595016878 3677
2078270609 23548
1641729694 23947
85319762 9689
175113126 14498
1181754091 13619
1103384382 18488
1712709575 21527
732258621 5844
395904330 7277
1198505803 5237
639809706 3551
282730477 13859
1356894425 17707
900387554 24974
323161461 23011
1025203297 10731
763396610 24687
437704409 23097
729524406 1227
736206134 13996
1827862946 3647
661162003 1447
1424973971 17005
15329920 9599
1878239050 6629
1983702306 21066
1790322209 378
921545331 6504
1817501485 20884
643214264 19872
781596795 14072
1244169025 15877
1136292746 22077
331034913 19745
1186214827 15509
1171933400 20097
2057516144 6241
852623944 413
1268153312 11437
546597143 2922
3209624 17866
651647331 16928
1230483825 15934
823793871 15011
569664378 6797
606858534 24234
1943451363 4838
600738771 12449
67067370 3456
1130522529 23322
1120097138 547
1862729395 20959
504304650 23823
687207175 24225
2074361009 16695
1574592114 2425
1934716112 4138
1788262593 3103
46178098 281
362623915 21980
1047340854 5066
1362240564 6273
1382951147 20779
1413301902 23189
738156113 21024
439654007 12981
887793598 16821
1604208385 17727
2027423587 10794
897725557 24951
95124172 4386
1217429818 6444
1986687700 1832
1338495007 22698
745160905 978
1778993426 15841
1101412789 2030
1781795966 22668
1590765453 8686
229217811 19269
1633281138 18882
233293590 1809
1181351466 16351
1298292261 24961
2055856353 21669
1249460783 13348
1388016605 7359
495235403 4802
184559787 18726
890966137 15957
1421374225 4145
1246493324 21397
1908254344 1339
1757787246 11521
1048330287 22647
1816059579 6132
416441009 24367
1135875982 6854
179629 10077
2042940527 324
1140338948 10627
516932349 15266
1170546295 14353
122389914 22581
238353261 21743
196041467 4454
1474761598 7410
393509437 498
1741754554 23457
1876432873 16672
1877758525 24990
1866563908 2361
516463961 1329
235049201 20250
954238112 18347
1252663117 5000
1770018073 13141
996747387 17495
468522800 5380
97012453 24272
265760400 11396
330913374 21594
675256131 15845
70533520 6573
266442829 17843
1506742886 12429
1712049820 23942
1133677230 6711
1570245252 19992
1715616384 14543
1767349711 16313
1161732059 14027
681748557 2119
2050212582 7307
1588931030 18109
2059105702 1741
1458631799 9031
443276587 2501
1588760404 22712
1153901605 21198
2045716636 423
1179874301 16031
1062866324 532
63497770 3057
531208784 365
13468091 14209
405344326 13634
160687136 4315
594652842 23577
22469677 20170
2076121121 5194
420617132 7344
1436474692 17058
886035534 12263
133682498 19259
628282384 19247
1790314246 23007
1697271521 5550
542058702 2055
1224975554 2372
279505863 11318
98718631 13885
804608380 12249
2041289766 19761
753690308 24035
493754400 12529
2134458440 23633
642818542 8909
646071133 8571
966654516 14324
143075524 7763
1671637310 12957
433161280 1218
2000480256 675
1696908873 5123
1586001528 164
550037734 24534
2057355046 17128
633776841 17083
1205579773 8813
43984417 8359
263737412 23334
1821205899 14935
160855126 15581
388518782 2284
2011887950 7454
1996180343 15488
775483219 24522
1888234627 4089
580233064 21273
1308693182 3599
666871004 7764
554099314 13173
1779935600 20693
42416137 8513
676138881 17018
931775287 24442
1716263289 2613
971486839 12977
1206205358 10687
1946043766 3536
1825526505 19323
937730096 21237
1114440549 2224
290279500 9916
813521842 8749
812602659 6131
1978874103 13865
459552401 21772
1646721402 23332
1823633712 18046
1600768175 2741
1434490806 20819
671757280 11828
450658851 21573
1363207580 18327
1240742675 23392
608386884 17808
689261685 13783
1405490304 19830
1676284731 22443
683266359 12788
1719614246 9488
56968020 6336
410954196 11979
160798779 13684
1059448455 11393
1350709254 24266
431951782 20351
209220523 12227
990423222 19811
239426551 14077
1673596400 13333
1026859460 17883
435533051 24150
1600432253 15640
1861169435 5337
878117104 10529
1338054887 17624
100642332 20537
1106123037 22137
1049866391 20759
136102418 24873
760004144 949
752902416 9210
825841398 21379
88354467 2928
751890591 12295
826502124 13489
1759778778 7226
1199333924 7958
1985079031 12374
474000656 9008
1022503694 18631
823394072 6257
971377987 4047
721904780 4375
971416282 5676
1840931921 6061
463913439 15002
1516586468 2852
1871230711 4242
711314373 1320
1152055075 10355
86244963 22158
295687642 11619
245036501 10023
1172240672 6867
937569636 20486
1909794822 14327
611573797 14294
1047183493 6975
2142550421 7628
1227963835 7387
1882156492 10939
1895803937 15311
1889089922 12419
1051564036 23504
1719301009 18605
286948623 3396
21069262 6436
1324968801 19161
42161503 21062
982767922 1833
15914034 12925
430178388 5361
2041877333 3825
1472377298 23799
37603899 18773
556853101 11697
1350038840 22289
1768972274 23124
2014459722 17193
1751378522 9976
1257856465 12888
607766596 4421
1466523781 18162
1953900658 23948
1500354391 8764
446152478 1709
528432555 16999
44735271 16638
540540301 12770
1799032224 4101
828533005 3463
1742227228 2883
17442230 24007
1767499367 16773
1387759605 13769
1946521969 8061
1274059673 19208
706402918 1221
1432572107 3760
167537772 11237
1245966543 1167
2006706525 18784
1180501830 3052
272576279 14363
1375099174 616
1159640895 15846
979021221 17638
1693486329 20891
1610684263 1705
316273242 2967
479119295 24158
1815498006 3911
871449550 10345
1914101709 24277
589853906 16270
792494674 21262
1415042671 17902
1023537370 2635
989550492 9626
1452854309 5425
1629331662 24533
1032306084 255
314210810 2301
1084466544 11461
360920457 1608
589021018 2847
862330324 3030
1718720091 5455
203637381 24282
1779009401 14760
1357977475 17657
662354871 5539
1278782882 2694
1744461696 5751
1919108033 19691
96795226 607
586976782 4542
1493589939 17830
967569170 7972
1084204328 17052
1478248477 22499
119440110 1383
1867148400 1518
1670038994 6494
803765868 17601
1714720696 8458
618326506 17198
1377732206 20879
843104264 24099
2025444343 18089
146614290 12983
1171746141 17144
696596739 8652
667311152 7110
942720025 20646
1489917785 6233
523205267 11372
748414723 23472
495183829 23763
854119358 17636
327229302 1109
2018524874 13927
1048839792 13658
818523142 21551
644374954 17206
1972490710 18949
2107639063 10004
222714679 1250
118836070 9054
1388230002 14559
1474731001 17295
858378405 7506
304520692 14335
1233128896 2135
587622942 16666
1597791608 10861
865920902 11043
1281649992 18268
568656916 22469
1229468119 4425
169493092 3109
1348589856 23467
20511481 11246
380360696 11622
731950270 517
1639760233 20177
737786083 22638
427064169 2415
1725082224 8847
1423021121 2559
549054811 12379
1035966595 20312
531581383 13069
2086042577 17997
406845971 11931
330487121 15194
1045123543 16069
1778061012 19635
1433788437 12595
2107319615 12076
476523628 2014
1149757519 5699
1496327678 18983
237352754 18008
2025916783 16589
458480632 23865
251684266 6809
520126815 16755
1168970214 10426
921479917 7008
81763887 5450
468960306 21752
1036308235 853
2103351154 2816
694122405 19048
503210138 13003
1728576911 12976
33189021 22447
93322445 10469
76397721 4066
195447451 6268
1893523235 19213
1591784711 19056
1946975305 10565
1050038088 18004
1242265723 23810
932132643 8349
456446927 17880
1069919934 4323
1749626693 22157
770636588 24827
182173377 24877
1835620896 14666
96708652 14847
621142629 16612
1438384341 2829
2067340014 8985
1918378244 21835
1233451346 17697
1252526365 19995
1432595697 16619
1567499329 7705
232597605 10969
784407842 23770
208124092 12150
811038802 16182
2006129726 2998
1514827604 6671
516687596 16277
1458036876 22608
613921515 16849
892446850 5640
1148223220 4032
745493194 3980
1033340039 9762
170773345 2361
393432053 1179
821286136 7581
1756036683 9945
2130392051 3344
1460482421 15786
1390846489 17601
812033853 20605
796262834 7898
1639050889 3883
1714951998 11455
2079757028 24983
1591521714 17048
1829722112 14264
1904510588 23050
1681038671 2180
1769444842 687
962799436 3300
233000954 21322
182406867 10256
1107266049 14977
1507304893 5719
1523062952 18535
572599138 8074
652867085 8876
589501370 13227
836009659 14615
2102887347 6020
1263616434 1318
6956149 12133
356639126 21130
320774974 4487
37838630 24906
418327556 2253
1838931647 14971
1521031021 14276
494862387 23713
743647300 21808
433346761 4480
1707602639 18767
447104701 23546
1962096776 11851
1773808198 15602
1112525271 3196
1865492088 10345
1591012042 10327
1559874326 8016
2086600941 8566
132403583 15689
1091617571 8092
2050599550 24231
182068603 15358
1980695382 15128
1467709921 24686
1511166981 3586
249136996 8669
1719998641 20718
798977818 525
472692283 14118
538845306 2771
62711459 23075
391577686 10587
1230255148 7776
1113166374 480
780182344 2317
1913170354 13727
27639048 2720
1086248695 5652
255650238 9332
1020301607 85
937634142 24929
226062620 4606
1897687742 10115
342337757 21359
14871857 2619
2076144470 16319
197291017 13271
1963792098 19618
210760447 22918
1685468403 20955
719591429 24195
213884527 1130
1739589243 11421
368787985 6084
1275668186 21185
298704846 2373
1810943983 3296
753490247 8117
1969208282 7344
751624829 23788
1449431074 1782
346715447 4742
1165854067 24922
275996516 22018
1611763926 5875
237474208 16488
1228184254 20314
2142925923 5436
1619318483 6447
145691389 16740
1701190068 17334
34310080 9912
1621822749 24998
1074182819 3312
1520297530 671
753806760 11548
548499115 5888
93708967 9395
53889409 6445
1390120249 10732
1754144687 16163
632735985 1797
636107600 10373
1077146737 5990
283782001 23525
424162272 16664
423893199 21456
1589574879 19094
2015339589 21146
863259158 14173
1664833129 24646
1327985585 13151
1103340627 5913
41121647 7011
585387433 6075
992849932 10606
1415083606 24541
154817850 8830
1763076292 10241
1233268949 15350
1242273176 17751
456929510 5229
1107064656 11489
1191282273 14514
613746081 23538
551077845 19188
2083042365 13133
759761820 10885
910458473 11670
1799502366 19010
92755627 24060
27687089 24793
1284875074 5421
1108219305 10835
1432048010 8029
683247272 4305
1965693293 10682
1698902894 1361
2113578551 16210
1177672874 24296
1846802665 18278
1424437464 21494
91160967 7718
1896617009 14533
1788018202 7265
2095767060 22604
1085279935 1367
1602260920 9091
318355356 13092
10797546 16825
1934442119 1907
1320265166 94
1314651690 8758
1190971953 18058
34841328 7984
1563326731 21513
1593477096 10823
425246985 13133
659952319 13421
313978602 4108
2027635796 17884
1250818009 8666
2113343728 5216
1393487368 18293
1101369416 18495
960319778 14535
1380679591 9566
115918632 11029
1622864361 2071
1778698497 21423
869565147 1323
184315147 19228
525871312 20955
448261480 22982
1486592827 21893
75492424 18338
1866561981 12441
1892677429 14000
796270660 15805
70766753 390
2127676168 20581
1398410389 20181
1090675443 8140
304960177 20048
2011548439 19519
1857004768 4370
876792022 12925
802841917 14283
727852843 6880
544670290 20199
2075343044 15875
2069849642 2417
678759823 22639
444484420 23946
1137164651 13152
1567632888 17094
2066812938 9530
1415435607 14781
1739446591 19723
735388256 7421
981324681 16866
1716595242 468
985643602 16443
621132554 5639
168347117 3847
1699375226 4454
515463587 24420
2144745604 10580
1925163486 23020
701829451 8272
972869557 21865
881803741 15460
1783701593 22451
1163423993 19566
306935043 21689
2085121766 10452
241006064 5962
447601132 3978
94392535 9843
155364976 2744
2102868583 5874
1627798276 22949
89162312 22625
3306210 23029
188864109 7401
1322420560 24961
1057956554 24218
1974182165 13483
2051869978 14262
2093730509 11085
1058173581 23041
200176570 7827
1575018359 19894
621268299 17761
28135792 594
66043226 17410
755500157 5219
1461028268 20430
1155544794 5786
1418103510 22173
1393312828 5235
1423697451 19851
111705735 937
1894358069 10839
291388267 17298
969416869 20485
1499083112 5867
1684502377 16469
1621000678 7891
1301191361 13247
1270043792 14474
1561757648 21982
261456353 7070
550521353 21286
1402867682 21652
308329473 4300
1751224778 23274
1351087935 16823
1643133368 3572
848966149 20210
106014572 11019
1948918900 24790
726089662 9109
1269888517 21602
1820853669 14238
876153140 22826
404020931 11698
1326840800 7356
1337147198 13862
468194520 23769
903354492 11366
1857786831 20507
1261991586 179
924230673 23600
96045063 4215
1063974763 21611
1754912544 20674
90127475 11617
1597789798 20657
1158751819 16007
1840852430 23968
1439671813 2857
6748339 24092
720853513 16502
2104408520 12162
398397906 24979
1902610542 564
2010409793 9700
635637814 8568
9189304 22009
1132656935 20038
54670094 9906
154953467 13898
1648863954 1361
818703059 4207
911727155 8307
396025286 16645
1603564880 3935
1849570726 21359
506498776 2120
1823207563 21978
1028147622 13765
740595987 11131
1900349840 14408
1811718027 12725
752605324 528
1274438241 21822
1984814845 5415
2066079391 24223
1714941097 8536
1223450146 11896
1215511396 22940
1860353400 24229
1481114613 6535
823386242 23674
1334572579 7199
917175665 8284
960918111 24623
1780146336 17529
1560902869 11791
629986822 3995
630979244 8857
367814500 2858
932745047 4507
1361949724 23982
404942874 16427
1475638542 16420
852391075 24253
1251074515 13960
2015133476 623
382171148 8280
132250800 18605
478999515 4293
1576570609 8629
1326167071 16862
1269393728 16542
1313367409 12035
1755247177 5550
1697953311 17800
126672400 18114
625158736 7484
24380321 6694
427996980 15278
501861935 4109
173531795 13386
1879497248 17616
457935299 14513
700040553 4740
870638819 11106
316791454 10039
838239782 12594
1066255975 416
1640443940 67
880382775 7950
144841201 5195
317071372 7476
1307694161 14915
549360013 12329
1763289487 13800
101460999 7824
86501502 9196
530360808 3915
1210614386 4157
1059407488 14586
287222607 20605
925633008 22175
1209538206 9827
1333062503 966
518811518 19380
30640047 13058
384727928 14113
1936471610 2887
1942811597 13893
1900132792 8881
1800552757 17483
983379146 16466
310898000 5728
7554440 6453
1932525913 1483
489957626 4369
142990965 6388
885484410 6505
1184693666 23806
1986882407 23467
307134741 13209
2007876601 5065
1448765586 21682
1052162199 18890
445505413 8582
692172999 1722
467210247 22403
495968110 23226
584467715 10197
2012451431 20167
1317636302 683
197400732 23335
889713729 984
1031131065 14997
414316989 5142
1602615609 18491
1318724208 4804
583257733 13167
1606143570 20667
1462651785 7316
609081896 12071
1999761634 7577
777391086 11596
2133266771 9313
2122725672 17693
879945506 16614
1857163274 12470
65703057 4631
393510467 7948
1691073674 19263
1573750048 9177
1091293174 15855
267480159 4913
203098501 10026
369779086 3371
999949539 21560
769516087 12906
202887474 1964
301828266 9987
1895673275 24839
752407937 21754
255439311 2003
1868065502 24152
77490500 17423
544023108 20426
2007928543 12031
1576871802 130
2055699058 8853
1616139874 2636
1256642428 11730
839341295 22841
336650398 2081
30318060 19750
749845586 10326
414364221 22914
1220549039 12619
1371382885 10637
1471916212 8470
447700008 17785
1887421718 14886
1693402371 12678
2050589984 22591
1972904260 16188
877833325 873
1575370907 16460
2119401622 18998
1888870640 11634
1033700096 1965
406230109 22366
1178001304 21080
1917044882 4469
624321422 2560
1971378683 21193
1710471287 10286
1659738713 3677
1590241575 16104
1638734293 1077
805418701 20431
948160001 6671
882425891 10605
1346478551 18395
1893586064 5237
1198893749 3692
1515534929 6152
1300428316 1786
1929713514 20422
1222954136 18462
1933881903 11853
1853991793 17928
854233013 6147
408354413 13224
498003262 11101
193673950 19309
499513871 20903
1007042004 2696
1629933994 24639
1619837469 16044
742635255 18758
1409763188 8782
1262835060 22321
1620827883 19596
169934893 11800
929383049 7779
1901862097 5295
1232637337 10524
79609372 4219
1489304373 17620
1529274247 6060
168456318 13362
1419532431 8786
548356514 16408
1060977683 3209
1859067309 15823
383742220 9306
480599576 3594
1680283147 24969
709548408 9900
1005958926 12521
420900467 24176
2001073626 22878
324455732 18866
697092518 1883
247112017 20859
1568986209 12310
491427231 20837
1941027420 3925
2032559603 3408
1171023924 1732
890267150 4373
1035247796 8251
638199478 4342
1471608634 7977
985705250 22527
141163676 1051
1656440753 9698
1553690769 6289
2118428784 10215
942778279 16103
943328982 15180
1471394900 9792
1625444592 11911
2030192352 5647
487813594 4321
1820529618 5376
991448180 8249
1451800309 20868
710603308 20263
294201070 5401
229458770 16677
351772762 9365
671872098 4501
394952182 17458
1146317785 9083
1957106677 4730
277231573 18375
319199979 5346
493014146 24479
586127949 1273
1515278580 5854
558220089 967
515726292 17014
183896628 15771
793332706 7467
1312080199 12827
919086757 14584
505498456 6084
1029870208 12900
308428158 2064
1281375307 15006
982749452 15541
2059697362 13701
717421099 11041
1561290560 12239
519796967 7182
1429120408 20169
1816017560 7447
406582459 17449
2102124037 5658
161919222 1364
1483388450 21064
636688776 14703
1793538238 14574
991301765 1055
25250341 14728
1723840033 11216
1471657354 12485
463255930 19845
1319509060 7878
1699332111 9334
631108221 14404
588871828 20401
682072347 13804
536363237 18558
337496966 18662
2028995170 7599
589010704 14003
1696943711 12044
2008053937 22438
731791353 6962
1701847577 18592
232682419 5438
1105614576 14093
1160025358 18347
2134315403 16016
1792213642 10498
679096893 23862
1979008362 3548
1406933660 7291
189871618 4073
1601827054 21566
614084756 12137
1632288739 4804
695548456 4341
109747930 15535
1653669183 2317
691218596 13243
1417498775 3902
33698743 7582
769877868 8645
1222133334 7867
1661721648 22411
898802868 13655
1210324701 12727
335867452 10490
288116067 9045
1817326934 19477
1595545266 4952
1620616886 11918
997807586 13976
686121857 15248
222243741 5989
1043295614 4244
658401524 3511
1568409167 12839
857472374 6872
1617786885 22242
2013510660 9230
1123353198 9677
1908570932 4756
594460437 14268
2132540708 21206
1508828989 607
75601308 1578
493189932 5610
151013399 13384
1901439974 24139
676975653 19402
2043884301 23499
15548044 17890
654820295 10742
1917319215 14376
1859925260 17649
187304874 18503
717091590 16645
153618685 9517
905481155 24164
489089066 19329
69004729 4647
1162084776 23773
1458135976 10473
1780478558 753
482899011 23606
2144999722 18401
1675783340 5772
333796927 11628
532194834 6119
1707491377 9137
499181630 4620
1664464485 23707
2001187118 2338
488655780 8782
1916443661 2226
4507108 6882
386445454 22551
197728510 4562
761697506 10286
1574105993 22527
1871230781 15343
685495943 15323
610892201 16357
76936332 24608
636706206 13044
987479974 1032
1082206028 15244
776854873 6121
567869395 13231
2123617136 17725
906137734 9532
1191595138 16712
17965987 5509
752501147 12296
745553604 1989
816781601 15304
1241637561 9656
1564835022 24863
635335593 15924
899019734 5288
400490957 8718
271755611 15666
506227385 14924
928144685 12221
108655974 4302
692859461 11750
368366563 18301
1726086877 2353
1176047227 17241
1612282505 21810
1798362410 10156
343404021 7489
609738214 9984
1158320226 1667
1209708575 2431
1739620876 16302
878460864 16823
866099154 24551
582844504 14202
1199025513 22751
967701636 13185
1096876494 353
1963516630 21146
1788075403 8985
1340452611 930
1734404743 2427
913643749 15142
640858965 10446
476452688 15350
204903807 24130
1373629346 15139
216728300 12677
296656932 5805
1187131622 3289
1001337639 7020
1822191292 14524
493935261 5385
714509705 3175
2076734185 2981
1895867498 2181
132354310 5369
670120453 20622
1573813500 24504
919490361 16405
948664299 5065
57266321 1558
1160725761 12984
476298997 20656
766772588 7355
910710915 11883
146638892 7758
2098979139 23699
1372768448 5627
605085304 21885
1486007863 2112
646747449 12615
404941616 17757
1057329923 11924
1749263166 587
200864462 22261
207335554 6661
1355289708 6873
110849606 20726
2044109083 3178
1788426804 21860
92250896 23362
850190141 4938
1888510385 15156
280306634 24434
993922772 12937
1629396995 20255
120271049 2390
2048438664 21202
243292422 22239
1586763004 18777
363652710 15330
570945006 17449
115613844 463
1165262223 24496
1479111366 13823
1545382743 6553
144737431 3573
1407056403 15627
787449515 1984
1657972629 596
1785718461 19190
177878533 14472
1164515539 221
1951251671 13363
1379596512 24084
140417040 5388
1968128620 24777
754287368 24049
3700874 2293
1627639406 20662
1921608291 8001
1533685357 3365
292539545 1522
1561942854 1536
1271410799 14918
1610979950 15734
1236049703 3353
1714872070 19126
53938856 23657
1629187376 14382
538713238 23757
1049972842 24822
720027046 13050
1676605423 7391
196778454 14891
742763638 3288
546567073 398
521231263 4680
1674726938 13477
403366621 13836
1580861244 7779
1392673582 15068
593337145 8853
1517426378 7719
658894668 4396
52310471 12074
537011309 20802
715995919 10756
1024977574 8525
711993100 18725
391758890 11200
1034906512 3447
1614378071 1417
358409854 18721
557337017 10017
1785842576 5707
63219721 5359
1869338391 19706
787126065 14738
194408859 10237
672631524 1401
527902670 16010
765092240 18793
1618487343 16986
1344235923 23903
1042204288 10831
1182832144 5112
1039655529 16935
847639570 23385
1251668278 8625
429966246 12953
469237324 6277
438715798 20855
2007574525 9413
164868778 9676
1394981553 11186
1171649160 16347
1072855642 24909
235640674 5267
1358870002 23888
1236930403 9542
218487191 894
841401238 15498
1873051084 4436
890721212 3238
1247027930 9295
611074294 24362
1875924053 19265
1636101202 8835
715094608 10761
768867573 14703
529135263 15055
440785103 21889
1604524798 6558
1117176640 22008
583549648 19188
111961044 16833
1752405812 7835
2123554689 2536
1249461816 18644
2134876072 11385
940106401 14284
1370706363 23742
654417804 20695
1955233612 3560
1397176711 4924
942399498 12610
1700663100 10489
20205063 14862
1492649220 5741
1678974506 21192
771465446 3656
576415161 6983
150395547 304
580243359 11227
1304604843 11241
1261741074 21865
714421970 8173
28162622 8578
1573683826 16457
1510067415 17683
534535984 12397
791283408 23186
1419361980 8398
692146826 3410
1728249309 2300
1491080103 7160
1435235659 21772
703328489 21006
275494155 18125
1862483025 9214
225463794 10974
1475728462 7171
1460615189 8571
6663653 2241
1871710219 9311
862115334 2916
1933935415 8746
135321456 24812
720429883 4745
1595670563 6971
507873311 6751
2073417595 24284
880848592 10586
153144950 4354
780562550 133
280811264 1510
1677855936 781
2107106519 4962
1393519876 10756
333834232 21844
1340974316 167
1483534696 22331
1087239563 20803
1724089115 11384
1692552722 2532
1293542954 2557
1832162520 21517
1898531537 8980
838857399 15392
254457713 5810
53804026 16861
1667057038 9677
712218910 9291
1554690384 8319
1153416515 24588
2110406590 7195
351710849 8225
2065225608 16619
1288767733 18466
362381893 15256
1533643877 11480
1448259633 14676
1913125380 23244
1303482577 22233
827240781 11294
1243509684 14110
819621231 20410
596188256 15859
842575921 21440
503160749 11722
1770336356 5818
1427354593 21733
807148933 16703
757027227 11667
633387853 15032
1644533998 21134
983854187 1083
248678707 12688
121673039 12721
534677026 4345
370423098 10011
1083389946 20619
1748193737 21632
1653350474 16914
1211624650 16132
223997877 9715
2128542817 3470
1147771666 7221
1053690464 12803
791470649 18332
1160734345 5408
41923232 22830
1861939879 10139
117328866 21243
1868638048 11210
2119913593 21099
84654202 23735
173179825 3686
1036734999 18017
1011180778 22756
1775124384 19261
2025541952 7210
2133482560 5488
597709897 22776
1054277993 1947
667556271 24358
565930423 15205
563097301 8841
187896346 18862
317327541 23561
1312002983 22575
838090132 17566
1864129865 2733
547907226 1396
886521271 11054
1241259281 22753
939277963 2584
195725904 19960
943710360 22691
1034762029 6291
1353945238 14254
108223938 9514
1127618116 15303
1285923571 7127
1068842890 8607
1143508701 5122
1532474005 4030
1700669260 22421
1461882042 13410
1393318587 8685
424639251 3663
475774654 13579
935364771 16039
309309481 20365
815813449 12112
2017100621 14225
1590695648 16718
1298674873 20281
371314973 22931
965727022 5837
1904343242 16717
1660685652 17802
1925515754 7171
40124536 13989
1905019499 4029
1527705488 10099
510259569 2169
33958093 8221
663964355 12899
677776009 5306
11122429 98
1921773996 16923
353693154 596
933136067 13550
1281801685 611
1410064847 18852
1834967238 2476
959751644 11286
27592986 2612
912635693 9863
1563887996 5240
284541588 4618
2021013978 718
381484041 10427
1478753113 2454
1322422175 17942
813993892 14532
430099005 21120
917215554 8490
1866038779 18428
1444657745 5815
463785466 23297
563420339 13256
171411012 5140
1085084723 14221
965564634 13176
375119671 6013
731846975 14306
1753144878 9785
1151322657 3021
1656553316 11529
397232856 13371
2116315161 6617
1375404898 23031
753762137 14984
1389837850 2241
62458289 15608
1404704777 15341
702619068 5759
800025983 4422
426593388 7443
914578350 24571
1689309508 11258
1459061046 13128
294558273 8570
1389149051 12235
172233358 1169
919527141 6347
1289060414 11238
1497779586 14039
1501221835 21102
77640154 16878
895631625 2143
18295822 17991
1132435138 22880
1889692873 5107
405187067 12214
1746530084 3673
1050720256 474
9007955 6250
518196271 12446
155811810 12088
195001804 1290
530195356 6290
1160106452 18831
743235042 468
389555088 5075
1209523431 11330
1746438687 15041
751610216 15164
1680317428 15911
607500018 4030
1861393824 10515
658741608 12773
1048384616 2488
1675813516 3891
2016128652 20198
1249629439 5856
1428674848 16282
1141083955 5462
2136378693 15685
1660963948 7688
630183925 14908
1718677904 12666
1375891346 23319
1759614949 3589
1718170372 13199
1116202911 111
910447750 22078
1937058970 23577
691045731 15342
2080258779 17285
677254888 23917
2024677027 7847
627094380 22762
1798909623 7129
350035633 23754
202036443 16445
1387251767 15350
1275243370 23707
45593735 23831
1411370073 8369
1628660365 12595
1658363048 22865
300575280 11047
386605799 1980
1781004423 2123
1916891136 23214
364033663 21704
109728756 7406
33316393 4051
202624884 20856
1739942233 20438
728960988 10096
809711653 17205
1942129819 4575
1776872423 13153
1455331037 2740
1187727271 23088
623732245 15391
565911134 17505
1848507952 18928
784727309 9433
757231960 19143
1795895482 5665
897427336 12353
1145496880 19086
787689813 1566
1690944861 3819
1396526643 24910
251526037 16380
2062034174 2717
945591020 18480
20563132 11660
1264028913 7428
28628015 18751
420641167 3063
1236380500 19333
1428670004 777
224676885 3806
410597209 12158
1884723272 13541
977934148 1552
977487690 7355
340597306 21828
1224999616 19190
1342865190 24814
1887502202 8560
1491504032 4084
558460380 5630
1315968490 22677
871185908 20765
1492436574 16522
1959379174 4871
901409386 16512
101081 2495
1879808945 10740
1337755405 10228
1805907698 10123
204803634 2385
2048089829 11776
362479937 22789
1139641722 19648
2004199179 7636
1732556105 16054
1749260884 18990
554202921 1358
1305712913 22901
1371472323 5765
2060089715 15901
487113920 2342
1981820647 3111
165585068 19406
79580624 9890
1312766153 12094
2055833148 15754
1289703805 14412
1878161120 19161
370187565 8650
6445970 7747
1419688160 17911
538472292 15617
1197546529 788
1466452689 5949
705470481 23899
508067155 24570
414184901 21088
454540841 5766
939540060 21658
54526635 5642
1317233073 18147
1221394289 8458
897624363 1782
389119773 3133
613698740 14163
1341513232 1147
456044510 13782
1688442284 6907
638091 15227
1281878938 4985
2085006789 23294
962465802 10519
1156550419 9113
2137701700 16505
262998244 11030
2023269450 14938
874157274 24489
873864142 17109
1639364386 9785
1572203906 15904
2107816678 13858
591073449 15191
768651348 22513
871586693 3907
877712591 22719
555530050 8706
2046111391 21949
810715752 9925
724575514 1
469192478 16259
1736055215 6472
1882716316 24743
1567045460 21535
607378355 206
1348323313 8474
1207356555 22185
605184405 5764
1303881416 16754
100188037 4452
203556812 6615
1109125550 15698
1445735730 4862
1115006761 22514
1483616775 21230
441693604 7202
536060787 10266
795027184 21791
233600788 3145
2003777853 6876
1454230217 8703
1034323156 24058
225242640 3989
2112023657 6573
259920450 8505
1529225063 23939
833462122 12483
273357295 16105
1001525536 5364
567402895 16905
19441944 18415
1461545512 12725
1885858223 10497
1397755704 9472
1055803551 2870
1967045286 9967
73157849 12786
643384086 23735
1586277885 12307
1316917696 10408
130888126 4737
1449857069 13586
822058923 677
244267249 7535
597953893 7910
715702606 23740
2069005658 18217
1175834542 23115
47851504 18901
358672648 2622
755095762 154
125258028 22103
1297260440 19401
357525215 3466
2089771879 13041
282084304 15883
1890089212 11143
1115256218 10663
432066192 8479
424600049 22288
115614279 15023
2118977333 5827
1706219955 13993
1454786248 286
34656888 1309
987007572 9454
1972433453 136
2112549815 9497
546317229 18898
1875525861 24078
210403459 11051
1399751241 14257
576511616 19081
1345373916 22759
334404646 11231
1137805151 11598
1809566550 19110
1193216703 9034
591191709 2921
919184339 19585
971939163 21248
1427441077 16697
770291979 452
2143274149 6212
503151642 23461
132744150 18133
192441292 2317
1577075160 18821
1572794464 22326
939397316 21467
650257143 9097
1531749408 20722
1399906784 24830
1821016332 526
1021371950 20399
1400144695 7533
1003934448 13284
1924178949 6354
282761486 13472
1500446696 17019
759108177 9173
2003916177 19461
2110745698 7086
249757971 14304
1446166188 23856
1002602164 24016
1040067061 20640
1879385603 8586
2127316098 18694
1122337759 3548
1915624167 10150
425874466 13027
1967089347 2648
1414014757 24437
1297867420 1938
632760838 7686
929045133 14393
1733301362 14269
729706975 20804
1243750889 8972
2038684009 13156
1407512322 1886
614743674 2354
825464691 1566
248500134 16958
416163255 9780
101283932 498
796426074 22496
1048952656 17278
1207244225 6957
1172487162 15581
1068211105 10865
1757157491 22682
1610462267 17078
1882471327 8585
1619467581 5164
1757204265 10382
2011726294 23349
1554787108 13844
829378795 938
936982076 15676
1122771552 10930
633639253 8516
1413722789 7653
1606229405 22033
651106640 3830
742400841 13339
98499644 19407
1708826851 19962
64040482 4789
1587257325 14553
25550939 6424
69065876 19559
650675898 20117
1143091410 17739
342525234 5301
1117472222 14575
1825335636 15072
401049836 20541
1333376142 18426
1879247160 16842
1311405865 14601
949082877 15099
1445291302 13553
1559106705 23543
1344004022 9658
1485554572 7186
1595380701 11375
730079535 14016
962716184 2874
214421010 15144
980406674 17902
1656677512 3593
966968954 13378
2055256794 17840
1220219916 2221
291201051 22104
1376506715 13491
944235722 17605
1361744864 18805
308731190 18408
1829340224 16576
2132812123 20745
495737863 1900
1946252883 13035
820954188 883
928895533 12503
324347752 15975
719662328 12546
1366220388 21230
1576213720 9497
1134383442 19851
1686247638 10518
725175108 12042
78186376 10051
1442553136 6602
1321220646 19146
2021786052 1536
1067664014 15757
1124921705 4258
901143429 10057
1452740240 22653
175036199 2983
1147542298 21197
1572863178 17241
133176817 9725
677204006 11971
2045236333 9121
923593232 3749
318348063 10560
1830130634 8090
1909170368 7818
1639230528 24553
2129270871 16127
1010214287 786
2088327298 21444
341176043 18113
1543253205 22944
2077512181 9924
1822612000 9852
1642092919 20714
1108789344 7346
290920735 19689
1454771307 18273
565265423 6778
1566935494 77
208205991 9994
230112246 14066
453307187 18578
49436630 3707
1585611861 16390
610731706 15925
1357779412 14244
1179737200 14468
1846324957 21795
1085299002 6301
1179659434 20262
181211678 18248
2139132992 18325
1550571196 12164
2070138080 5697
1869201965 17080
630820863 14036
1133738384 20253
218963959 22066
646973066 22231
1978301001 20262
1541052249 10160
2020668624 9359
1319389184 6583
1990241765 24247
2060719886 16957
850936030 12061
936393064 7567
1898900870 6393
1571780824 18150
1925597527 18779
475067452 742
1388544697 1891
448098910 19896
1626785512 10890
1353734073 8321
693971182 18218
1942957468 3807
752072469 16956
1297861768 15797
573074513 14749
213787522 15357
1971298431 17731
808574847 4099
789783352 23415
731085688 8066
1903351438 14210
2018517260 11286
994996145 23909
1989684570 553
1354012972 7309
502504961 1347
768647464 17442
996267299 19603
1889317494 4845
530285787 13299
1141484567 10126
1467924180 10818
711173963 18433
682597256 14457
1483209047 11195
1751083878 20332
1636851367 17444
52551656 23984
1129950113 9161
1111135802 7914
872512932 19594
1524729575 6728
235481262 11226
1430588022 21839
454455048 9708
1975261540 22966
1543772219 4289
2095551989 14879
1485168722 4579
952495912 12080
1531909502 674
1162101181 9196
1498496531 18061
205660948 6076
904732716 21527
1614096647 5083
680467196 21697
687511082 4775
838597517 20756
596536033 5068
1088484596 4112
2147293783 24967
233578366 23879
1251979571 12898
958130764 14218
2042444085 6740
1637986024 16021
1735136109 12531
935584762 512
6006420 6552
1109248450 24056
1109388656 1832
414348420 6246
536507391 15241
1662279602 7281
1053338415 18775
698090881 9915
1365650337 14023
1350804313 12025
1206122745 9817
1968049766 21164
1296446782 15034
540751111 7437
573758410 10255
1977554628 11603
1750661620 8454
1540429517 16401
727771756 7644
1181193897 4579
776584716 14996
255680976 20185
1657446207 8434
99671128 4563
348175949 396
1410186548 12444
1542570722 14535
557259358 5773
82748435 15147
1908819968 16320
1773662583 1535
270933302 20847
628139534 6656
1334315476 2727
731309373 21150
46481371 18366
374657691 5445
920738756 13359
511167780 1819
383292006 19654
1829658569 17509
1242837804 24018
320077347 16764
532476029 1987
1924776121 4197
732490507 12834
1739346729 3603
1114876321 6017
1314114043 615
1867069436 9892
532620295 21512
1334089767 20326
254373798 12504
1064628920 20216
1954209646 15790
1334787479 2804
2055511130 4438
249004660 8009
1551609320 4109
23596262 6674
1533574736 23997
237388347 4834
2044189075 11332
537535219 16510
1847505756 22260
239175926 14129
1054276869 19373
129234241 12065
664844913 1107
1071570845 6520
868428822 5212
2126334750 1900
1722301713 16089
587716993 1476
1383544411 17
907513655 19925
2064460156 3084
1334401145 14283
1236458861 10162
956084259 24125
1367363901 8699
1146285531 388
35524186 16743
69673297 2193
1874888346 4228
2034477559 18079
329201061 23315
506068937 18014
2144198099 3213
1386371980 9760
911109172 17889
578424791 13612
1394475718 1683
1299422665 11936
1026700035 20818
1648816491 13265
2134764178 20489
1625483373 23447
1836421587 21042
794479165 6762
1215064670 16610
783617389 19679
946830976 18398
804559018 24855
2050214810 9674
657771986 13245
2106861999 15267
66000554 3807
1224014235 23330
416807582 4318
1524898042 11740
672131680 10297
1566609804 22742
1927622223 21664
1085181584 17924
1725766708 10441
109669738 8685
1493949082 24683
141540059 22545
578840126 3602
1860876341 17760
914304866 16510
1198720193 7278
1793168015 21594
588108822 6371
1381829665 13191
1301658860 1210
1242392410 16362
220429908 5986
1009925679 4490
2038376057 8423
918927084 10770
1425077511 4301
1494391036 19686
2143263207 23628
1343911854 14131
441302900 15171
465380393 21546
291813960 19833
893239779 20368
1293687617 888
2127704300 14345
82274061 4970
701945295 4758
2069646797 20439
1427032639 155
1147290010 887
1479930671 19360
327497668 6805
1224669672 17228
1152989668 14978
1291860328 15109
865136435 23141
181022528 22839
1236326095 17366
2077025629 21981
1596428232 24879
1961123741 240
720352692 3655
1449779413 22035
1865858126 5699
307894575 18374
2090575864 19123
1288285722 1946
664363504 4360
803013269 5165
839011840 20601
1276415572 5142
751141323 249
2139522489 2943
374589576 6562
521414936 21331
1186716132 10759
767192654 83
104069191 8018
522911588 24182
1138774930 277
332411345 13890
1470903537 15538
1321691050 1386
2100406202 8448
983114329 21456
943826623 22375
1271891844 6304
1158319321 30
2060906568 2743
241355416 24793
133554052 10873
1650229689 21100
1663085264 19646
1669155326 19792
468876171 5635
166032278 7099
1002030584 7098
749223669 19091
247136307 21437
927996545 3413
2030485452 4769
609008829 3589
1834817279 6841
1440101409 1173
627248648 6135
194408815 457
403081956 18073
1929143945 2516
524500033 23329
1070163733 15393
900212733 15975
672360760 18596
1178958949 5799
811068392 1351
1340460994 1780
764418984 10532
605562646 20392
1354804536 23737
330535844 1704
1387819633 1404
2033097552 17048
414398432 12980
810204652 132
691230999 16723
1217577769 905
1966271683 11585
384806448 1270
237371194 1045
859334491 4614
399407263 19832
1310301884 14143
172810230 3389
1108557214 10718
392291346 22101
1611235521 21720
278092704 5838
1161811167 14733
1964947636 723
124217913 8880
761383954 4133
1707821362 13380
1449083586 14384
352905333 3514
1745825600 24792
435546363 13754
794617871 768
402913416 12860
486697858 22355
1627789395 9394
105525073 11713
950220358 13634
1444871613 652
949776566 22020
364138724 24689
1422647 12598
955151704 24413
47730412 10258
1554056450 24336
1932750914 12649
17999514 6090
1715212896 10622
2047765183 15228
1283843925 19203
1878938026 7350
1541092512 10952
1629624948 18659
1323950631 10365
1047767038 8286
6275684 11379
1414764900 8241
1046269147 19574
1117597614 9764
67374079 16405
1167559004 2562
176332370 13135
2023322861 4697
741055820 23908
2059631387 12953
897569344 16239
889280540 23134
2042783304 15890
1955709961 19868
1816244427 23883
1245514827 15482
1888606914 8809
814988384 19161
824930294 19262
1598754820 14378
1028191464 10003
1269012993 9052
1296169097 4353
1429026448 14234
643244848 9679
202140294 6681
1798799251 525
111804243 4106
1840041050 17641
774953400 2062
1992794336 14291
784418224 19729
1295101544 22524
128932363 9110
124858009 10274
1674144173 7496
3318989 11330
659111646 994
1150372899 18800
2062075553 2809
839420432 10332
410732441 9986
2002897706 19714
119981993 20831
1723116178 24108
1720898515 14591
845067767 6524
794613621 6778
132121940 5172
697293528 17319
197542110 11928
1232852477 20244
1163107321 17135
235824845 8364
735990138 8866
1918617934 12669
833722762 8217
1405067385 24368
244577670 2542
759753697 5389
921425538 14018
1693309665 16468
535370626 8914
622691893 19824
1500728666 21848
734019524 16477
239018133 15347
737706867 10186
528015885 10692
1128429070 24265
1471656836 11899
1600368798 9962
1368929545 3281
605124342 2987
221649499 21669
46005598 12271
1748764865 5909
897311384 18245
373483701 9378
312754534 7676
2126653876 20332
166962853 7726
414519325 1056
1790480978 18960
207913118 12872
1170775414 15327
1186904860 9277
186396309 22543
1262061023 3059
1332087249 18889
1635982367 5164
2089368818 22647
320146842 316
462734365 18383
507999439 14650
1579434429 18995
1333185515 17640
1008095094 11433
1148896050 19370
796168712 8353
1852857526 13546
1668505951 19299
659713416 24770
1060026945 9311
1381484546 7858
429080414 11239
779102469 4867
579891446 10750
896390431 21259
479878581 12380
1736711792 7147
490276428 17843
1266775156 7183
1936508253 21334
1744313831 22585
611392462 2186
611765378 2563
669555752 13217
1683604795 24451
1448277710 10304
1943535244 16740
1563752191 11846
29920136 18389
451914738 6993
953993435 11509
1796912393 18546
1740715944 20552
1492228221 20222
1279277818 3425
866429617 13299
115343659 9360
1950331104 20344
1067385303 3778
519926871 19238
433720226 15301
793936398 16945
2143277370 3749
2115684153 2172
1100835386 520
281618295 10827
812925407 10266
1571759306 22906
1165654091 6006
535651424 14764
1795978824 24795
1467922020 5171
1889587022 2583
1737783059 7030
982528570 4549
759736920 16297
752661366 14605
1073676421 6542
97530667 15224
1016240756 22957
280099672 8317
198922486 11962
1902604282 16729
623227042 8224
1146065692 7117
1572625632 16404
1310870555 4135
1646313843 7305
817038617 7678
1853319566 5475
1025270124 3830
729360245 15430
1340287297 8274
1733624400 3042
1900920276 6304
285492581 16683
1094622404 408
1271238951 14693
1516494032 2565
1460050941 13289
2142906793 13995
1154568615 5483
1310186087 7548
1529496322 19714
62720902 19836
974007569 10496
1652213737 222
957725409 4620
416357347 363
1656087904 12840
1930190460 2584
1311669127 16469
176936228 21
1392573527 16266
1886687963 17835
832704992 16320
677926317 21442
2074212996 10216
816031324 3380
1615601194 23244
594578583 14814
1823743352 17710
1341751241 8973
1452077241 960
467384468 9308
1074421456 14558
654566190 10051
931275053 16021
2111321531 3392
1591967911 864
1759138970 22137
61215428 10799
1935772442 6324
1892803100 7084
1076396719 2039
1656871057 18081
608449343 11378
1607158745 12991
1294090383 20097
202656098 20269
187819067 8062
1292708891 14310
2013628005 16767
116538639 3644
68086441 13919
712689939 18494
1389697954 12386
259661836 17122
1057173710 1006
1803652680 7477
1757140667 20837
1673529131 6020
1348585635 10379
833052929 21829
925940787 1317
2030280161 4330
2100558933 3566
2004180015 15786
725061991 7370
692083783 15144
451332875 22043
1421998619 3975
116193246 31
2009480416 18906
1916265214 4109
2043942918 8889
1767435401 21459
481967086 8631
1212997872 17669
1000382082 12947
903030145 12767
344880591 5660
1590876042 16414
1010350709 10835
80971489 2198
1018438363 21684
1174501524 20109
1736440266 15154
1370220332 23979
1834214051 1418
1307607583 19917
592997431 3733
1144354221 3153
669008572 24084
720945013 11744
709924388 17076
2009278247 11860
1964146953 16821
488282778 13178
1008400858 11215
118079038 3850
109800123 9503
436750129 16335
1991013872 15342
1433491251 1257
1918027759 8583
92429917 15339
137891972 15118
685249172 4660
1272850474 9698
485217105 3598
767372013 13619
299099190 19488
1578141683 21717
77896403 10334
1734524577 16634
1652688675 4428
1319298364 2388
1508396187 17423
1420112807 24829
1985807752 3372
2025234014 24380
121256995 5312
1960149306 5931
396652537 18840
1749652838 197
684606612 13805
620187592 21678
335875103 1582
519237983 2192
1586253446 24317
1052879159 862
1426129872 4465
2055988554 882
810938754 1121
2055173726 24841
355301234 20970
1556261980 11562
26897446 6054
335225716 22180
1446761525 3215
1177072615 23170
1762479254 8176
1527424523 16118
568840519 8872
1098904349 11816
291817687 19997
627744759 23255
632424647 7518
1182939219 22397
647586347 11557
2087186029 19395
1450889932 18123
1710447667 4201
2023324857 3668
506375077 6569
1124791434 9277
1680116817 22731
1259331727 16414
1443713072 22506
208098690 1066
2015640981 16650
1287698313 19162
1140521369 9463
1627711273 3339
953252771 10695
62913936 21447
1925375502 12833
343209500 19546
781770686 997
118715184 19115
2138120832 21683
1404624940 8298
1107471691 4089
1559471580 7468
65727905 21096
1096448957 3589
1058171966 10621
1842662468 3315
502918882 1490
2036631257 7503
22230204 19133
510896615 24279
1688389309 24516
754389519 1979
1955039678 18477
44387722 7721
638649739 7808
584642332 21794
497686246 12730
669368860 13952
658843455 17322
1829330727 17882
1770258528 15851
144015804 10106
577097832 6276
881780464 17781
909014849 11378
806797081 23682
1259441484 21785
40824979 585
457119789 22552
604832936 7853
492183951 23876
1462572702 18419
505782389 1792
1575729980 2829
1419778017 13883
137818657 10192
473340901 7549
1595024924 4103
1949675007 12836
186832413 5807
594735441 12222
626583481 20674
467504575 22143
924112260 7335
405064050 21795
1916191170 17040
175968533 8387
1488297095 10488
671427738 24226
568821470 3791
1226289774 12729
1188590491 22176
581471010 20707
803233613 17214
798524352 17042
367460166 7159
299544597 19554
1120317957 9991
27775527 11170
952988107 4547
863029441 13015
868364918 24351
2110380950 3515
125590696 6576
259311742 14379
946254763 5095
100126951 4481
239469359 20603
1651014634 619
1342818879 24211
309260663 16049
934452688 21178
954324552 12136
1247836348 11042
746429195 22997
1378602010 19426
1006769051 13287
1312837645 22924
1520743083 5719
407384673 23237
1340428001 15312
540695090 3402
622818127 7852
7845725 13271
1986663293 18319
446221269 7748
764338907 15223
30250151 49
1668185556 719
942385034 18483
302174656 9831
1294735151 7670
1779371974 24105
168341713 21549
237214052 7150
719263597 24197
1264263806 11911
948901584 6674
39551445 16438
1589298255 10000
1163511837 24284
1222334732 16734
1030006251 19481
592232579 22208
677767322 13696
1245957010 12345
652276167 23680
1159700916 20312
388487093 12891
1950901109 6765
986546063 14290
1423082667 3380
833369185 20483
1393389407 4270
818858279 3961
241627841 316
1004605163 18079
932461642 24770
303588168 11846
1450170475 13257
163306879 6051
1801989917 5245
1173332437 18015
1735513403 17389
1143722569 13259
887986871 9458
242188991 13858
1156518394 10795
78270585 156
2025916574 357
978698678 2471
316348052 10134
228631777 21887
1850107836 19464
1719564275 21282
419442690 12570
456830244 13037
899565032 11062
980750810 18981
13183312 8257
18479553 23140
1718450777 6486
768520458 13922
580835573 2935
1151345936 3874
1632447681 18424
1045228120 15638
1590713184 17905
311207866 17446
637496072 22350
1276782827 11641
1806995455 22242
1549157774 9913
282673488 7224
646282823 14752
1936535686 12758
493367905 17629
2026831687 8462
1972313497 11721
933453521 2829
1831810781 16487
928192379 11571
1152305659 22763
1631378521 9330
25396531 4222
1086874742 3555
2035247182 5448
780290081 23842
1824340381 7407
1856551486 4875
2032449245 18363
1000928394 19426
1700897431 14297
1902454806 2240
1584358206 14705
2097040996 4440
1893471187 8434
2022917117 21658
114293658 23548
1574173473 16267
478770502 24293
2124814202 3040
1313723991 2091
1558848284 4734
196129365 15889
64699186 1605
474428431 11107
156271544 7192
436442855 14229
633823774 210
1642850819 19890
1692965413 8194
1731745919 23552
993949493 370
844362855 4589
1482940835 1258
1184710415 9999
1772893722 21950
1062337331 8096
1673756550 19496
1889935827 9774
254275965 22842
348728870 5274
1213247564 23904
197132738 15238
109352611 17333
384939443 7493
264696616 24560
1147642574 23970
16215070 3085
840642556 8905
2044723063 9051
35982030 22177
837172885 20763
6538000 17010
436315289 22150
812319926 3956
1385174516 14826
360772587 11244
798963021 12242
1444143141 16241
1811859588 13187
414823213 21848
205113238 1325
1913661293 6065
1508065181 18579
883939951 23362
581767113 22665
290814790 23415
507869473 24790
515315643 6070
770289919 24832
1426092985 19516
352945113 8614
1859792740 5022
1917780223 10127
941941936 20533
1896183441 9111
1191995575 11225
681786918 17496
732620612 11889
459913413 7929
1759126845 17105
906453502 23360
98197857 3837
762748249 14833
1452534708 16490
431596212 22986
1429869391 10561
1465784221 24732
154649614 18310
1455518158 6944
904557860 15581
524316457 5581
1979759852 12358
463518740 6302
1352665567 19142
1147292258 6000
1446914174 6987
1043238976 5060
2090213914 7411
693815469 2644
285024848 9223
119828067 23127
1443790127 20980
1699402384 7726
330431839 5100
1709017930 3874
424217156 7004
1173176637 23909
1972993365 1470
2044487022 23442
852865476 15183
396101079 17129
1297720840 772
638856514 16713
972634746 24942
704726362 11561
878338338 16638
622648114 10532
1039256816 13756
714454864 4008
300020100 14702
765555574 21945
782136548 1960
1176521182 3357
42468722 24233
890716384 2263
885082193 17048
248260997 17563
1741376782 9360
1407832819 17152
1235419714 5351
213787765 1823
873629883 13165
918338503 17927
176646875 12335
1821077693 4357
67691668 23556
255265910 8707
386697571 10077
943193854 10323
1790320230 20610
878214412 12440
368852893 9345
954000930 4688
515853362 23087
2001759892 18512
1619589980 7939
1799070802 23141
1714012965 6981
1993172183 20388
366131812 16686
1077223645 1415
95879285 7501
1682310497 6745
1142607892 24225
640231580 4085
417366263 13329
1490941322 23884
787625994 3664
1045488155 2056
1600455909 12357
606453590 19325
508964721 8053
2069022849 10011
1185227834 12572
828256073 2929
809580578 18579
1493805758 14424
202450443 20796
525105727 23857
1182228753 13660
962579380 20516
1345758293 11977
59485460 12778
1507999442 17426
90213614 24235
719118277 199
264561448 22683
304760949 17194
1018787048 21275
682693631 8285
1380555044 8785
203697982 10841
1382886265 2815
781442280 3324
1543452026 8705
1439443928 1828
369766710 13511
685176645 18057
690275089 18311
1377028028 9655
1666652674 3578
1470417802 10062
1708087987 5694
2103880735 14596
446466657 18493
1041841867 18435
1649405316 19960
80944138 4626
1442555006 11984
1476855826 13440
232316575 12142
1655178910 13531
1939567748 1100
410273994 2101
746044794 18137
959070880 20081
1818152883 2245
1192422533 4199
1854344200 17373
230751582 17247
732365878 6537
1183956850 16897
845746135 4339
1532089404 10810
62747680 22737
1766703588 4183
864503826 21779
1580886121 10133
1644335311 2140
462395015 20604
1850007206 23220
289946265 13327
1397979263 4566
174803979 12565
106730935 17814
407471146 15920
1267682549 8277
581218734 13587
1432624964 12937
1652179626 70
768017256 6231
1327005968 17322
984603325 6132
2108543593 9576
1231993503 4981
2067643802 1144
697478654 10062
938243280 17730
1469941908 10114
1958583125 15490
721300829 6092
277012992 16374
1742936599 6966
181796298 1475
543106505 2042
1769697635 14899
235366051 24633
1353594864 21138
1138073755 20464
164305284 9729
1057830393 388
235603046 12614
457168010 9366
770844641 4426
443004079 3208
439338504 20834
2033852933 1783
169269386 3724
1059591263 10196
1994660135 14105
720925625 7567
651245472 309
1236347148 21960
447240216 4641
1698951060 2426
914874886 5155
1931217379 258
1137739260 23508
163309730 2548
1567118279 2752
966461494 6449
1725721981 23937
734608067 12424
1680381515 6262
77393393 1841
956885217 8369
1683225763 24631
1605532237 24305
1933624890 21013
1426571524 21466
1633546979 5354
99100399 6610
636019168 13965
362761199 15877
741509587 18066
520052157 1652
1473302785 519
987508917 70
1834920660 17124
333514759 20257
850729550 24064
1089951002 19424
49211559 17027
324662566 5895
1257795503 6035
1775063652 5136
1343279330 9711
381977743 4715
172171680 780
1216191453 2604
1569064152 21104
1040064947 8790
1622976959 3141
1560146874 8958
1568168491 23776
435188468 18677
275294352 13904
1954376427 14398
383554711 7422
476440846 20606
1647393849 9970
356397014 15519
1975926034 15424
1120372980 8543
488814976 3903
1217731654 4381
1261568168 1011
2133178162 16776
853445400 16840
44344862 7774
1408769019 20960
37188521 13878
1850457971 2793
513320064 15713
317020561 172
301092260 22131
1994290491 9091
998840791 22451
47292513 4790
371608685 24495
1653553228 24428
714554529 2534
2121483332 9611
195205731 5265
1662813068 8864
1793734098 23278
1874810007 8809
978386221 14955
68123981 5683
211487754 16273
1127784770 3371
1998360113 8837
474779888 14791
1415046131 22566
501334370 8754
1222429493 11822
250345688 3201
1062314921 10
1067212022 5362
871508000 24672
721723391 4541
528370977 21271
1889900960 14669
277663749 22548
1626903004 12768
1705146523 20494
1021149356 2311
1143162174 17404
251385471 14828
1508096735 13763
2139493053 14847
1525526474 5557
1956762688 18243
389378439 20145
344170854 20792
138626287 13700
157246528 17287
1604575293 20637
172609407 10172
572823253 16049
1913240401 6375
537508407 11844
657222714 12611
1893685358 19970
1215331652 13285
1274632139 12343
1300330553 13028
1422747261 15958
1060273480 20474
1133385945 21740
538270848 134
802098149 21600
1651652975 6070
1669601307 20584
1970047102 16357
1445901201 12897
128560865 23711
1224288124 10354
1956774760 4741
866803831 3475
810717171 11080
1959497527 3493
936569294 309
1038348159 1001
1096654216 18695
616357769 16394
504795786 14136
2113851030 15048
2030062796 19586
514382072 7361
665305608 15708
504438958 20425
81081901 15671
497315106 17521
981457027 11053
1550081441 24627
1812381781 24262
195366686 19309
1334761486 12966
87456480 11352
104807156 2638
1377185172 205
1307542569 18046
625528543 21073
875431568 19985
249579815 21674
13394951 21353
1376356186 13872
85671088 9967
448561371 143
644506934 2907
2084200799 17400
101043514 18090
1964544521 8
1887906194 22422
174155242 11140
1802374186 2194
278626837 17248
498227943 15811
1408025352 16075
590998331 9931
539641040 11837
1696729046 3865
1504213705 4373
695901782 20247
190370821 12011
39728341 14469
1018826806 19782
1682558175 5246
2071088019 14769
1893879315 16518
1090926349 2649
1237569070 17680
56646655 3380
417601340 8418
1597563522 3769
542434217 22012
600832354 7354
2116923377 4664
14927021 10162
1721878340 6344
1618272133 21923
831566959 24309
502664448 16976
1263391549 12934
611131350 763
46081007 18870
444224170 18692
929176429 233
530498483 23296
1825460967 11668
1014516578 13250
1740695333 5252
465853767 3560
1126733769 24784
62317286 19231
740710020 2697
2146038924 15900
1272028968 12229
1431845873 24175
935028212 6323
1747933997 16326
745351667 12026
1293402857 9913
1005326259 9782
1031430156 17242
1635904263 940
245361636 16815
1945369665 23914
308047343 23437
405670864 1720
1074998966 4062
2053727559 17369
2089680458 17650
429458461 11424
2091967322 20089
1664941413 8832
1057425078 6003
381238228 14462
701595148 16283
604558754 22838
1818176064 460
434545073 6779
8632643 8735
1818595235 14073
1734463119 19466
525812388 15139
1388429190 5212
1281641513 5474
1270438424 8684
1602789526 12183
496801356 438
2147196249 1094
439612157 24113
1374766705 17612
87502180 12453
1342817717 20131
1240922995 18469
1435391778 1390
970089927 15119
1744844582 4407
603796717 7668
723885147 13667
499380718 17510
788667887 24278
292474113 17788
1521178445 10390
487510825 19250
939227660 5231
1591355026 20931
732169980 11341
959870665 4673
644421618 16442
253343531 11906
1417986337 18698
1036018922 15452
1165353099 24876
1101957337 22168
879565579 13882
1572347267 17578
1638621188 2317
918005797 16801
1157881526 20056
1796017046 22208
766492620 13183
1748604862 908
1718531708 18651
192255759 9347
673042008 6799
1672888118 10197
393127610 21041
404316339 1895
1250102819 2334
870358590 15232
1137072931 16832
196590460 4984
2025189014 15922
1142011606 5267
1057858596 21265
1298300361 19224
67155830 5948
853561369 21518
1632919288 12968
1633893456 22740
223564956 1180
1845214685 20948
658607390 22010
1309192839 15227
447067947 10082
1198127420 11749
2311525 18794
1650384240 21074
506152344 19627
222270615 8659
822480364 1006
1418649389 24787
946010477 1777
1648349067 7163
1255684413 24038
1187263529 18119
1258428905 23838
1703910744 19860
65436555 18742
882303876 18360
