1159779584 8716
1341299228 2681
96450330 4267
1519860833 23601
2007579627 18158
2070533195 2592
617054030 9960
1540538693 10313
1310424478 22724
1088817731 1720
1062197210 10448
1774409994 14553
1561253065 21945
1760933191 17708
1459261666 20764
120431947 24701
447908491 12293
1914156531 8713
752958443 6352
259494261 14834
693150253 10400
1605217975 17141
2013387028 13544
272998967 11285
1680395960 21529
337370034 8221
260249311 16340
2133651716 15329
766523404 13697
228741564 12067
1223961672 14077
234168488 9769
69625198 18478
240724451 17915
1166070710 10350
407633991 20844
4814148 13737
1623967269 18339
2048790785 15446
814622867 3945
1339413759 22014
2146965531 4265
284273998 4652
1137375807 4264
790142058 21923
155029411 8758
1332800524 11014
1671234333 4760
746376313 8525
1269165719 22786
523140676 16804
1821931245 16018
1872248263 17205
254240932 18464
1182443647 18147
1693343136 13253
916244880 15159
1640261015 24745
934642728 6061
631161648 3314
999317884 19651
2001677528 14715
974215868 23156
368748959 11158
1949367729 14385
1534332383 11418
829378280 18005
5884244 11870
793981648 14558
1360996097 17207
1074011628 7054
1635565538 7557
1315589283 21011
1083677041 3874
1491135472 21227
1104971642 17948
1920975155 11983
514068800 3811
1598444320 15357
1494058643 12237
364815196 1590
1762219249 937
621956830 23155
1349158192 16153
1454809990 7554
358458710 771
1483126595 6065
2046062882 24299
2117808626 10033
2099522741 10746
896370161 23986
408784242 18489
600697474 21287
941362725 13107
1154790090 11574
213712257 24917
42174194 21418
1307508150 23237
516109240 15961
1303488073 15324
1984295614 12450
2039797226 833
1589404881 20926
1018386250 23867
1332444828 6392
615259544 51
669627884 8095
1589886091 3997
71084769 9739
1526052561 3020
375019619 15092
340737850 15321
1252103249 15752
2036526359 16342
1677939958 24819
1283116700 12277
824606239 16926
1985575790 15781
558482587 13297
2028058962 18138
1085256398 12065
1464685266 10350
1416438876 13723
1548707350 14621
1288267513 1372
784934099 20614
18605749 7917
2040293364 3983
1340586515 9276
1347527909 14023
590899381 23073
2097408801 7728
326581465 899
363054529 15376
1449663695 3238
1929448085 24534
1750326824 1764
1153034384 7183
256154865 22088
2041841994 552
900400542 9969
39215357 23947
1301033302 7519
1241242659 20788
1867985752 10719
1130875265 5950
1106565858 4125
952537194 17796
1434984231 9165
1773434496 208
2092917275 4281
262420557 11805
340066174 4469
349229440 21565
1004716993 2226
1163321205 18312
2116734028 5416
260072928 8244
1775415532 13808
1631328400 13093
1153573021 12029
1318193650 3904
77006631 21028
1948211769 24689
216741490 2967
1566561219 4973
537035227 19452
448474845 938
2072950021 10433
558035180 11253
1439468464 19722
1647013876 5212
1794836169 12135
2052405102 12879
540563239 23739
1134698182 10420
438812495 9792
996485101 1504
1770366773 9595
710802868 11100
866478114 9348
174586023 7950
431924487 15117
1836980156 6925
91881624 2670
1422968084 19247
1235267082 18003
90946641 4784
1048022402 15759
1670320747 22153
1631333005 22352
851565743 5554
1225122993 1340
1955048584 2851
1347691629 4228
591397270 15501
1564106278 5391
2118198897 20197
1333113509 2845
612768745 19951
736618184 7242
793100470 20359
966997724 15875
1503005331 13224
2146496980 10231
178225876 7606
359088149 11545
308263566 5501
204781723 6969
542961282 11449
1588431175 5506
1704416061 6815
1615298739 14826
1877221620 18743
984755093 21431
547379560 17035
57870424 7831
220819229 16955
1520059839 14454
1158332405 24798
77289658 15015
1366607851 4421
2093672266 14477
1659122691 6924
567623634 9974
1588446833 17886
1588296486 19663
943464843 8428
1867340725 4749
1768682281 22030
663897642 15607
1782760062 2751
581040755 11677
1874964543 2850
1683882229 14404
1084280999 20401
1943481896 16016
687086157 10746
810244743 8279
927875709 12060
1554339022 17166
728739407 18201
357929432 5818
577135020 5519
62953654 18415
850323650 21345
487466117 3433
738578527 12327
1456652546 16689
1170177972 11535
1969805064 5666
1395550000 16530
246629624 15504
991840781 24379
1451534742 23249
1226184440 9814
557565124 2407
270431474 8717
190367243 5839
2080421394 7055
2075681035 22403
859542056 4295
998586229 3433
1246886625 15647
859518716 2049
359439216 5576
148115264 24480
1804040067 9073
184227947 203
1936571438 23052
250793759 23270
45751681 16113
1016743886 23224
908882633 20370
987761025 14103
1659173539 24013
272115107 19130
1147817041 22184
336089440 824
1623741894 12260
2044129844 4875
1088450571 1048
1180707269 22485
200354656 5988
343094537 5511
929296713 19572
826416888 17720
1108172259 2658
1076342570 1859
781307498 20842
551729212 10942
835095193 4774
88380578 16965
696502899 4249
1845052775 650
1640345255 24679
1256440912 22104
728055867 6109
1614446470 2800
1228313941 1886
751870186 18797
1254397766 19740
834426895 4097
2075343207 13766
686507306 21433
1429058513 9595
204674179 21776
924350025 10670
824152917 759
161961428 22358
679101037 8401
908864090 2809
2064778743 16974
526169917 5571
198945771 21306
1141056005 6220
1423742095 11791
1313791964 8680
1120901197 20517
417811832 11571
1223872924 21477
1808761516 10624
454328183 5175
459932712 534
323686761 6096
1192341207 10725
1808089063 18308
973208909 17248
503323679 12295
1481390124 1650
1347512810 15693
1603134610 8407
241875194 13289
2006041371 13380
485822331 10562
320173828 16659
1642595834 1454
269933012 13867
1173177275 13544
1570453257 12333
1037645897 8573
572465976 401
107156737 20730
882856451 14094
1120830590 4457
140860514 17945
451807576 16941
950649405 13134
1447480837 4340
482357583 18422
1897064815 8733
746808232 10448
1300156569 12845
497521614 7384
1866756748 13650
1236990909 14958
660956128 10092
2118564181 11122
1449051084 4924
2087492163 8635
996929187 12280
670210824 9998
726058626 647
249470707 14845
1255439580 5053
371217343 3950
1389516147 8808
401354575 8196
68528077 14442
416593236 7835
1791099390 21086
1465455042 2542
526264352 23058
226914694 17414
1657298396 20114
297578398 10385
252958975 23170
166995669 4577
1718368453 19000
1453548404 15520
35239531 13343
27181882 14555
135633666 16990
2043601709 13075
1669733486 21025
473779829 9058
1436920641 9553
1641818422 23448
2005699866 12554
420299088 13225
2136701566 8199
853899732 7762
783036545 12102
477912442 19534
1340419082 24241
1293665167 3582
2040328055 22938
226757915 2454
318934652 6044
2079828743 18512
2132436652 13874
1068464671 17697
1376372767 2401
248975045 23325
1269734335 14215
431533726 15201
2016908958 19438
194778959 23562
1868757980 24727
1939644729 23345
1675275638 8948
776981255 3991
1130608152 17390
838213967 17050
325119521 7927
1123973370 100
1447560909 3372
270006955 16
219073356 4616
2128928196 21286
1283044879 2337
518620977 121
875180933 23274
88077922 13793
1719019595 5270
205472824 8323
1539701796 11172
174585794 6259
996893228 14438
1091881806 18475
616358552 19265
148151277 130
661296060 9374
760386500 9463
49482139 1675
559234360 23011
1746105408 8203
2019184603 7546
1756370972 20099
1948420574 14969
635976575 11733
80777827 18553
499493799 5456
1047573253 24548
238572790 14189
1133916815 17701
180604436 6528
1749073501 21097
1661059595 18333
1390744059 11234
20421991 13655
779704617 3936
1004183255 23876
1319685921 14640
136017459 20122
1122290597 16777
1038432193 3883
1372225069 5183
1969673899 13964
1957542479 11644
956042704 16282
361990598 16897
942561721 2263
307823001 1533
475126521 14198
1089893525 6198
1737269366 11540
1577752634 19991
489591244 5011
898346182 17046
1852003512 24489
1148631781 9441
924970319 1653
965675734 7649
948869439 7691
478662950 12583
1308143490 9506
1144522875 17994
1539751527 20468
1734351318 5284
15730444 24677
206881169 15682
715606072 13097
439601002 18614
309611968 6893
1056741802 13661
1008773383 12026
1497551113 22177
1158348868 22765
261820811 5569
1100133586 2036
1523070694 23455
1971638068 3471
24034086 6312
380741849 598
1670973110 19913
1121844899 2528
1055554273 21253
1304738913 7740
2045525889 7019
2126103549 361
378722931 4689
844886855 7540
1576640287 8029
959218695 8801
654022014 7736
737311881 17392
367880971 23964
257340610 24610
450576522 9027
744888212 19398
1089197308 6943
989234703 5849
1202289355 16318
213662 16747
1431959051 14339
43607701 17612
868314853 12230
136655421 12293
1724307209 4476
541720643 12795
959318003 2372
2146657714 2262
1294177029 11815
117765265 19403
1784063476 23845
975784363 23619
4914809 23211
1226658043 22120
576774677 6194
657066430 14883
2112905950 1433
1961753556 15923
893398733 2506
1439930502 7098
609299640 18923
1412783320 6082
1605682216 20065
1157265479 6136
1190291746 713
1541049114 9266
1670058504 2623
807578829 22548
575334824 20617
1590466704 15733
485015258 9878
661639500 8590
1640281015 15310
112909054 4531
1994454325 19885
1520144557 20924
1936900867 21151
2057729043 16282
506436826 11165
684245575 15149
2053427444 15032
936749091 8014
1876972658 15949
1490140038 4948
148830409 22308
1815926690 16199
2136425355 11668
134711702 549
1059766681 7360
1431611262 8198
665289861 23775
995730299 6162
768005858 12663
63236395 7718
345796804 19216
1977363789 23540
337178469 15936
825026936 18532
146975894 19862
309600696 2164
1692703872 6927
1078803477 16270
991012066 4494
1712397781 15277
1020233856 16902
13438758 790
340178047 5103
1174207556 24699
176098560 14975
2033406587 8727
356711480 19717
1791984928 8188
737875738 1013
2036794811 7778
371400687 2628
1114929856 4119
897578862 23498
1692232375 6668
308005201 22109
2121965929 4768
1082241156 11079
1744669552 14207
1110967176 19544
1374763109 8680
443672849 24292
713189945 7814
492476606 8638
623790231 23075
536755411 24129
1497518057 3123
289089771 2453
1962606841 1533
1912573626 100
355366269 19217
1792113941 18479
323609215 21135
1030627365 4582
660390987 137
432295199 1540
1233999415 4715
1455411964 2441
1621053822 19657
1242030237 18914
327805918 11828
1284861256 10587
1667750042 10851
182242317 489
1917317959 823
1380668800 22131
825912040 6662
783174620 20937
1016452920 20658
1998807104 18781
857661731 19647
851019400 19324
1872635053 18769
1401800481 22025
1138463482 11981
991796210 21017
929204670 13089
919205616 17480
1584523816 12315
1375733249 1541
1844435051 19282
1639742758 18320
455934260 24424
1245959261 21966
662864927 15196
1652629745 21008
1174479097 24481
1267484379 23496
233579195 4471
844258409 11062
2054726730 21134
118274963 301
1273983639 14310
1118710371 9218
1862813888 8123
1639382453 7529
1994073950 853
256211978 8980
1884302036 19653
598946686 11485
2117247111 1716
305496894 802
338954888 21402
1963317015 20755
1180904905 19773
339620157 2960
604746948 17386
644082838 9313
1721930139 62
1159522907 18171
2138558049 14369
1410541110 10124
1447380034 9182
1762842321 21001
907679397 2001
168516791 22011
1536262783 8181
1185851484 20858
700740712 18809
1403127738 17452
1430917125 13787
520930943 23197
1474919468 6216
1121340629 11077
1504736721 5561
1054697309 21977
975621714 5994
330684003 21341
1893240954 6089
1316701034 20957
1658189057 14418
1533080022 5259
1223557810 22227
5936380 22741
838689942 10769
1269187813 420
328565554 22148
724675205 19645
1943207829 18244
1301817472 9407
1607514207 12078
420600460 1608
721792280 1077
860261105 17891
139696113 13521
1757872 16822
1355979067 24205
1603061829 23992
1312701369 8438
555454110 22641
2139853472 1727
1773835887 7075
152813089 23801
1672199294 3455
1802314161 12387
1409842517 16991
1298529517 22931
1468569292 13258
1119380171 21328
737501410 380
62478679 4930
1942618705 24239
702090024 24639
1532181201 7325
1775018830 3056
47267423 20439
43535356 18722
594982896 9728
1853669790 3243
1100247089 9638
1841679150 23463
1140993078 13900
1389901593 15546
1819631084 1782
172538539 7773
1014178864 3243
967533298 4293
1168608178 11997
700454617 4810
1942707936 15467
773944652 17522
1814373068 18346
986339209 15595
1207935315 20645
286229174 2101
1684025556 19229
982432416 15411
1003132369 3623
548649557 1907
1846821572 24987
1123686522 4253
100108331 17266
309516981 6156
1686538857 23777
131331455 9988
83302596 13399
298011233 12029
866320581 6126
1638728668 1526
876775543 4438
391724385 18087
235476466 24474
56512983 19863
61549830 3836
1930794628 10266
14075455 14433
1457894866 11192
425771242 183
1702204356 8666
490993369 1010
2124425392 5427
1945470379 12534
494569268 10300
1826690586 16985
957630378 3703
2057051707 3557
2088639136 3
362990673 3153
426120715 18184
1660194040 14137
3337291 6868
1259071149 20865
2020686619 5629
1602311157 20132
1956304984 8348
1153782894 12576
663750573 19382
1179564663 3626
2095626489 11904
1508006963 17814
472793156 19540
1091592051 11947
1786360755 10714
349887860 5214
892649358 14202
721903836 17239
1942730634 7569
1614042714 15653
1550296310 3663
5670629 23901
1659362739 20798
1609096248 10566
948733754 24905
208234986 6810
1658521361 8373
1401399043 353
1343376281 1733
1138859379 8520
1689124272 14835
1062299638 19713
1368743009 1401
1256643118 773
1178664239 9619
1731313224 5308
102054735 22207
1995637819 7090
449864819 11479
2131491228 20725
203289548 19573
1794080232 3470
2088370216 14054
451545858 7267
374112762 16784
178770630 8075
678479294 17782
993060687 14826
759392125 23494
1017415465 19625
547081588 11779
569299560 7001
89930101 23990
812609638 7116
1121731853 14948
920287000 13363
1919617290 14954
1694909803 20143
1714772174 18110
1070412943 9143
253429334 7920
2070007867 9663
552875221 674
1090933262 12967
590722372 16
917371961 19543
1285234504 4321
582613874 4057
1657590704 3363
164994853 18162
1294180557 15842
431162932 19213
1828315378 18327
1604781402 17451
749422239 7349
854339632 17837
1481690105 11809
741680805 13605
598273963 20120
1953695722 11087
1346310796 9039
1397170321 23101
184166153 17521
701810014 10966
724147171 11049
1342391635 8759
572124381 10680
1958631204 13856
1391658300 21178
387205314 18812
1927111909 18532
1209726142 17279
1882720365 6548
854729606 2786
1163894337 6667
379521991 18985
1769895105 18245
1321699905 22703
1215067580 6903
787786376 21258
557787273 14372
1131926920 2036
359945614 14061
1354913040 22774
538786832 20051
465767599 21342
1070546346 6948
1621818151 18374
607434166 2003
2052227608 14112
426204321 1961
268083943 1830
312599248 1149
1478232459 5628
1076097536 16743
142611319 24703
644817902 18056
881062397 24259
1079389634 458
1204638565 1357
1883651457 9163
993269108 4856
354127941 12331
2143661353 8936
1783422854 9676
1639676397 1749
477932243 19748
559775804 13928
1492162518 17845
1101249902 9512
687939595 22958
1281751864 24387
299887185 9942
718130018 16687
864442929 19207
1580791965 3194
2083074069 20577
373385263 7485
2067745095 6363
1437539747 13000
1225876814 10099
1446368130 165
556366641 9059
434903608 21517
1714263963 21008
486372712 23442
220032682 5232
833823660 23965
2067809483 7096
716255247 17158
460247793 18859
424818925 19234
428542180 7826
93196517 10899
517850880 3226
1602731322 9013
702737619 1782
414514113 24740
662629249 18180
237150882 4922
1685782515 20764
1604372366 7953
1065495953 9654
522973356 21791
1116890882 23339
1705235125 7964
1365878982 17513
780200253 24845
1054827055 8052
1472192344 21741
1801457251 13365
1898135214 11197
1517443119 6188
1690603039 16251
985328934 24286
810788847 19790
557382330 6750
381141331 2990
189283914 12270
893801430 21999
1596931266 5398
799705812 18833
1093668251 22969
409924582 9091
62921582 19222
1911301203 13535
670791628 18385
1300745973 24463
1083922779 24067
1493773472 15997
982650202 19180
1123616658 15446
393151481 15901
691398806 20906
1213317881 1312
417432472 17729
1599933007 11440
649530092 4912
1245493034 19793
181107207 17296
1633694561 5288
1869381173 22325
633757773 19586
984195519 8102
848468906 8566
2124672907 13960
144615818 1859
1132599533 6389
1656378192 15262
1773171151 21704
2136582577 14822
137241397 9276
2012766937 13035
1797917960 6671
2109961345 4962
1270388565 13724
2096231040 24146
1932120336 11025
1911991393 9747
251278009 15911
156680428 23373
1332357583 14649
830737343 22538
1353852783 1974
600352642 12127
1544412011 17041
525088011 18443
336427370 13623
1565364817 6982
1080449695 10520
1618272199 23275
2053495597 18570
515864354 3245
168608723 18029
772031832 16837
683068398 22155
2064262386 5502
1519372570 21070
665993068 16140
761981291 8592
2047814921 6983
349292881 4870
1614099821 16448
1924628296 6420
2127140657 15013
1329288955 1929
213036151 23355
1291498233 15654
1321232557 14810
1434887900 9331
1329353205 1025
993887491 21778
1312995832 12476
1567272207 2527
402971899 5659
1869328820 64
1604591153 19317
1625413141 4765
284096024 15508
1634155005 1043
676218026 18140
1465657458 24807
1502364114 10490
781728073 18835
1569371928 22234
811810140 22277
10197509 1041
549846236 21793
2049160587 13669
1282748266 860
916525369 15990
551889409 11806
82395160 3924
765514827 9647
2043021014 10405
1220920753 12123
737137407 8705
560468147 4474
1196739744 21682
944199660 24665
1988354111 3032
483826996 17813
275124844 21599
1190203999 7473
965119244 15579
1491704455 19580
1789453427 10954
1797624648 4958
114943602 19301
869088174 10724
1257124784 24371
1539363541 6337
1390480544 19506
990190514 16242
1685242451 18400
477435614 7235
1469170838 7300
1186164423 21923
1388742418 8761
1722245547 24559
82063116 12236
1439466843 1620
466438027 4505
203863580 5867
303461868 13205
996621474 13095
1780762934 15579
850797041 10592
1671170137 10188
1673554091 12795
993781488 5590
819186662 12908
1897100027 11817
1622831760 23355
944278405 8015
124056254 19691
1910756596 10171
794951746 11538
1234075429 22985
1711846038 14977
1789468297 14449
442089653 5313
723475668 7800
74802922 22252
1942538619 3488
1559837244 7058
1496882058 16309
1594136267 11018
1780903933 20513
1721856875 18273
1995809030 11979
1950980818 17371
2078211279 22422
381923976 21327
815084188 3435
640987639 9351
2125335374 4594
1289660340 19004
1538857140 11198
2082826930 5809
60559412 3587
84174310 6960
1760881464 9487
90021205 20785
442919776 17464
1505914129 13022
721013812 14814
1980196471 23499
1699009115 22242
2078949033 11631
1288644951 11437
1160690223 4655
1180958111 21961
1681450157 21231
402365307 1300
1578996124 13608
1531530253 22960
728924658 1589
1729192004 13199
1229209163 10718
1002082849 17313
1827429130 16751
31448199 7966
1972145120 13985
942110417 21071
1880911286 5605
77544273 24241
565566117 6875
119187925 24408
866608967 21840
1159104049 12621
1689837774 24104
1753393869 10637
301888254 24787
1766883754 18896
122662177 18355
1860803114 316
1092094355 7885
719988233 18892
1915936901 10115
632329803 8195
2108030114 8363
912314296 11955
1049828346 5883
1863676504 4661
1249340507 15291
1399441991 5904
940147888 21437
90330450 22723
108801177 3240
1270168323 14268
1129934348 20982
1667567646 4435
448611874 847
768731436 21393
165011199 9101
427774109 19349
823849675 23278
2011497498 10605
1352232009 12572
1295558672 6218
1215194328 11523
1096508162 4019
1976118487 21293
1091357501 19863
315012243 22171
1217926030 5877
1394065413 24819
1241501554 12649
460536174 20043
1315797120 22935
1369073076 5281
2014062978 11473
1467287250 5168
1042507786 1268
1824729387 7741
722791775 8342
776168800 20322
897345341 20316
967825091 7926
999680613 19595
255122735 19265
451028144 7543
431429538 5984
124346934 10270
1747671421 8904
2034589918 16804
1703769801 792
1953880154 14601
1091207984 7124
1621680124 5530
1339547090 4372
2104062003 12304
568215884 837
452207675 22441
2081365863 5862
1282760359 19599
313593370 5012
536739739 18044
369034936 6712
1833932966 12768
1551522150 317
1555140762 17896
1569101130 3036
2038116371 13679
2066703569 6899
1228431084 13310
26449561 15612
318362357 3594
649009220 11989
411900475 1673
1039981059 8915
2009454418 11969
2090307034 13707
911736681 22269
975838641 21902
1108438680 19879
263221615 23200
1100674361 5132
1360220664 21960
1251147967 15525
335140560 19312
163370414 21170
63644448 16363
1108180831 22447
656360158 145
1595771947 17778
13149096 16835
230759851 20567
1390969519 24747
446354113 20680
654619913 1665
536818263 13303
2073135962 18461
931320389 14786
893971894 11334
1932576716 10198
562350571 23947
2049141958 19267
1203116004 19070
1625089983 4509
820641261 16659
2054729206 4570
1717194659 8079
835445049 8510
1285698015 23641
1651788825 18000
1974116062 12316
2077236736 5044
243513070 20616
820100529 2541
1461649205 11692
1005938373 4427
1564508869 15304
1026804168 4585
1173427274 19143
1997547761 11356
2063118608 18498
611091287 17854
1175389281 12160
1967512084 17302
1820534409 17476
393773514 8645
836852172 21734
1792632335 14967
477017260 12872
260051285 4162
1922181374 4040
801833974 4970
107511597 8456
1412216454 14850
1618416455 18841
1968432200 17408
365294806 10112
1846094466 16669
621901341 18672
2038779732 10775
861944247 11412
1316897737 16240
603910633 9677
1183496 15571
719427747 16433
453664314 17266
584933525 21081
1329283797 15498
1739759934 9379
1889859012 3379
709017168 1613
1131452396 17548
1983516461 16978
826435787 9833
1132354084 24050
369117292 11373
1953516534 7629
1218881194 16918
1056400184 15784
555404604 23535
1818540919 6214
1792065178 740
1993353265 10579
1586948376 18679
1839813932 23005
1071929582 6721
1762478599 4984
561761709 6166
1399108771 21393
995783734 13316
1938504339 22018
476917186 5557
1301695981 14384
1729243678 723
2147345863 673
2009161805 3070
1305605165 21643
1465308079 23882
1345097549 16155
1717991324 17174
743448560 23070
2088654524 7302
624280425 758
1012699080 21333
766013118 17674
798717201 14246
666717297 871
794567557 19189
593253941 5571
568466043 13953
966703285 4462
1766094853 7066
1263692830 14809
326186596 16602
1433217892 688
1866343303 24582
377764057 22834
1759392806 20759
1973463361 18482
1217068460 7993
158940211 18146
1141664715 4755
853469304 24353
901815176 8899
325790429 20789
1246049530 11447
1041626278 10683
1418145419 23906
22544689 10004
1467825552 10823
991388290 2378
2029269943 23001
1975175687 20106
319279893 11431
625471995 6609
1965967184 3025
330691779 16621
1681522054 11067
1980660291 4255
443646597 4161
1743353190 24061
1493461603 11742
319186300 9004
2134336662 16892
549382019 12749
318328065 10957
2043812249 2265
1114957969 6324
1285512283 22389
342815212 4935
992661257 24948
1991447692 2492
1822079878 3238
2128909847 15524
1602834595 5554
1598509599 2526
1104955384 2080
386768753 10057
1589453313 5635
807946939 24002
1739013247 11565
467197090 3063
1261241477 3085
802081497 20185
143001424 16993
316376576 4699
1191813908 2360
1677706227 19773
573500719 13499
1355618915 18716
14456174 3885
99296812 20541
1936740917 18707
1333516296 20884
1641965149 7917
921664146 20737
612314165 9744
948618196 2335
1482093055 1577
61120868 22299
1682854775 15614
2083364639 14101
258570475 3217
363102211 6092
1302295113 20485
743933801 8499
238486542 24696
85238957 12329
430412075 4039
1748458225 15671
963248952 5276
145400242 20259
285581616 22329
867138734 19051
503641564 7896
1106106024 3934
85797516 21748
1214138293 23156
1731781804 9174
1025901548 11526
647003753 9881
87190702 19611
7487703 14242
629893486 13634
1926171510 20131
249845416 5925
721377831 20287
1145891013 12177
1657720126 755
617752733 24307
1464022591 5144
994164631 8517
1518186403 4288
707008630 89
1602488723 17005
257864057 6152
860789633 7811
786058207 13040
680505952 3132
1801180598 23591
213983730 21151
1190482254 11438
1822259586 8352
1883181646 10376
1486560814 5873
717437862 11973
89799160 14705
383501147 14584
432578661 6644
1296755343 11952
1136076336 17897
1800795279 16574
1067694032 8168
2000143534 20527
1153885833 12636
102721390 10628
1077004177 19319
1191165521 190
1381777307 11415
106813850 5203
616574650 6299
1136092609 14670
119612059 23606
1905411190 1442
154775183 24952
403226843 5974
1469302914 15682
607547187 22049
1307486424 690
37232377 5813
1928088781 488
149317546 22306
1625035919 8734
728336571 9775
1056645443 15489
1555579342 7831
377652612 13587
1267895848 18352
604316063 7372
1674776016 11180
900330770 22506
416892408 17256
1642442144 5742
685332943 24144
2098424333 10149
1029072922 9104
2068376050 19141
1487643939 23994
453703866 9387
1657696379 4946
1040311632 17398
79437697 6758
2054077869 13787
1532211351 12482
494384586 6203
1120782549 5901
752544251 5952
1907444676 2616
1821376778 21614
1409640963 20941
355039379 6138
2038625849 15720
1168286313 10319
1040973971 14411
1428750619 17964
1895578087 16094
1433674094 12970
746995318 2298
1164283643 16668
132677614 8288
1453318618 18579
2006914956 9331
254450867 902
1205974962 105
2041327114 14402
1400556207 19989
332587357 13814
1838880988 23970
1240344980 1430
505045639 10442
369382248 19405
2067227280 11879
293906798 24207
880585646 11379
1821848032 12917
2140837783 15037
912749559 11765
1752514772 23680
648583068 14755
728831291 3642
1915683250 13673
1452543314 4456
699067108 5722
1566190834 20216
2131668406 11303
656951914 454
897304848 20648
1208340586 12053
1130142015 12038
1791552127 7572
1415090599 21744
378631226 17310
2119421991 5820
154467327 14909
818656409 18095
1427203928 19369
738080373 20868
297845773 9377
674098402 17265
2040883460 6278
834911090 11400
909065000 1635
1134045040 13729
472790736 7273
1230520434 1764
603145251 20909
305321319 7047
1623288959 1964
857460828 9182
409194987 13178
1521053826 4871
1086287706 19008
1233498578 16105
1642444206 12721
639995496 23634
1115706296 12818
1968914124 15353
1704364981 19147
327425546 12955
313613130 8893
398677103 14665
522846481 1254
435483966 8339
308003556 5589
100901697 3607
1706889574 14264
1486706881 21174
1225257193 23410
1332147583 1917
842148087 10306
1024319582 9831
987828412 15225
1934401726 14425
360316676 5983
166784797 2946
1887817704 3168
246066285 13252
667762052 15602
1308343863 23968
1469568441 11852
291674960 1736
1106751147 4405
1146337636 18289
1542853267 18364
1775533156 7248
1378995306 19867
652537943 18139
1099723483 12528
1591446717 16835
530526149 2199
1356959198 408
573727425 5126
857879599 15420
1315453713 6192
665239244 7457
534731086 16059
1464059145 9594
154872269 10312
1459464282 15028
2145126411 12133
181765409 15079
1299451538 20990
769355458 8678
2107667364 21707
1895009476 8690
1393256947 3015
758587231 15585
1567439179 9992
901085064 14532
1545176265 22230
1339649360 6377
1541118124 11683
110223303 15026
1321682851 20178
1077754621 9482
693419911 15728
339993629 13957
904985059 13065
888711936 20430
599657383 19165
689147150 11735
1932561455 14034
814284860 6611
1395298588 14504
342302646 5990
1156662899 18037
1762771330 14859
1011597571 7051
1209548242 14682
314419213 392
603251316 10187
470220359 21181
1047275356 19160
1956163138 18117
2069338095 3014
346797943 283
1676274757 7680
799962137 1874
2131438968 1396
160532546 21488
1168536841 23211
609009509 9301
309063877 12455
1825897076 19305
292515995 4084
1805377766 1815
1967979486 20488
1315331630 11131
1345478583 7541
1059340605 23955
606240094 22569
170651342 7812
1926551690 20523
2022608459 7860
1424713032 13164
177209450 1737
159667248 10794
480930252 18573
173017608 6146
1573435469 17228
1752356980 1387
1409914113 21283
1105502153 12195
826653677 22138
129743284 9083
1747197227 2394
1038751795 8231
2024357544 17615
1136358592 13312
1735075006 6366
1311011035 10748
1395927655 11864
1923851435 11599
689029907 19194
1084069443 18325
146505110 707
916126048 13516
930080255 16176
223486192 24512
1070040737 20225
1993413192 8721
1838929755 2436
1149292516 3389
1777429981 5625
891784920 16567
788211647 7117
1663245600 20963
35695720 12043
466353816 2759
575182257 16680
967232059 868
2136788339 11994
2128082820 18503
971591080 5955
198291277 1810
1020636654 6188
2123130605 18945
1647276395 567
991525020 3705
924550836 11872
761070014 21826
949409770 24557
770263058 10158
1278772588 4127
1754978688 9076
1078860217 24161
884932973 21069
730138119 17551
73499134 20659
450285211 18510
532901645 20397
469753008 3539
1233414248 16852
1669750200 17555
191418418 17535
440560244 19818
2032977935 21820
430187983 18948
1978493427 7466
1348339648 10378
1027854474 11984
899902099 15990
176001059 6017
1046276267 19346
929254221 12311
2147189484 18613
369889880 10989
343553624 17160
488602633 24801
1011516839 15400
1971215412 13562
302355376 16675
411345429 17751
133728012 13851
1238648937 1730
2119247049 1868
1716736146 2843
1433516301 5977
1986795258 6928
1438744015 17513
2017438442 13415
57858839 12134
704097281 17756
743624106 8257
97286938 861
1284871784 8911
1553744127 3508
934422891 12882
2143489386 18636
1569587433 17859
837144754 24638
376019733 24693
1531238503 5661
1473990811 24163
985681235 91
519739282 3976
1248699097 23777
465222573 2542
39234359 20798
410421149 14584
1337865852 17186
150915287 892
291760839 19415
1639042286 15922
158358663 10246
459902004 21428
1580125403 15895
1899246143 21028
783130553 12564
549907988 6363
1105614884 19290
56232354 22201
554456826 23198
16352578 3482
815487447 23538
88819077 12135
1433012792 15156
214037020 2147
674770680 15272
1467258853 14528
1944281510 10310
669886646 16047
914130249 15142
1258008240 19371
793814371 6342
1056324988 20948
917326235 1631
421571701 1741
1166253453 6845
1122526890 5100
1418469397 14210
1761148893 6270
769588104 1289
1116414526 9892
1198885357 12552
689388575 24680
1102587777 11930
1290349455 21952
1915700863 15223
306617033 16783
526124278 11661
1426837432 8731
1002357971 6326
1004870658 12078
389425085 18473
365536851 15957
1903069860 5087
260826455 18459
1341430403 21515
1869721472 11277
914474553 5177
771951326 8779
536962382 612
1934994850 1952
1192005090 9910
1477001242 23447
471550095 4860
2034204547 5911
694108535 12943
1174742414 20605
1797993760 22653
1726746888 23005
1998231441 16582
2067457866 12136
1939899439 7845
1418571069 9949
442423165 15180
1953926726 942
411306310 19596
1903924833 6102
1637147426 11994
1004362705 23803
2037267837 18728
1223391896 19876
552853243 6642
1824372467 4250
830676463 3479
28901751 21116
654456252 10474
294625158 10537
1995495805 10684
1084884092 511
751132238 2313
446194921 5891
1834394584 7726
769934624 19782
892023103 13219
1910641350 3982
214358142 4702
1689072074 21224
511629394 18076
1539674929 12656
190949859 13083
1855609766 17522
2008074536 22040
1077532156 22373
2118240100 3722
109271004 6683
340532011 17495
1777749251 3575
797265845 4225
1391540441 1961
1885518820 2242
243060891 22666
938885056 513
410294388 18292
1140529864 14803
2013678185 4812
1130305307 21465
985979101 11057
951186664 6030
777289368 6349
1000799986 5191
1290097341 2420
287296805 15352
1910683679 120
604706471 1418
1224729271 24112
1864036801 18985
539915451 22516
1769511274 7045
1797988611 997
1013474141 21427
561905530 11224
830539713 17950
1414115265 14521
1757289381 7587
631874160 22111
693836016 22822
60479771 1302
1448995245 22083
1923323718 9090
832100431 20770
702501365 4118
400913960 2836
214422696 17069
1465665410 15659
721264921 13602
1025920105 621
991792334 74
1969045846 17215
833522009 24256
615194635 5434
973133686 2229
430337921 12633
804048103 5789
455473071 18818
1866738417 16054
25155935 19368
1092696614 3659
2017723222 14475
1498638754 20124
1179297641 24327
540018973 3983
2099909013 3870
1188694351 2416
657205975 4704
1534471404 21470
965698342 23965
1715471078 21503
83907640 24700
1739652427 8995
39048771 20661
625031554 271
1954476587 15722
1793882707 397
1348817549 8628
1482590660 17396
1893487011 16564
416436456 82
1089073408 10398
1863971667 4014
1927242936 15553
1542790918 22291
1444146396 6966
1007720287 17777
1378819330 12135
670456037 7748
1492735114 4604
1169783680 3323
406111220 21074
1047783342 5133
1813549938 19962
140679656 23696
1476692580 12170
1266079109 2
226211731 14997
366867618 5514
1890131559 6716
116333215 21005
584303578 18740
1641486414 10474
775908590 18555
1928835017 22103
820322525 8337
1857320242 4931
150718097 5818
202646541 15579
471677100 8231
1386785168 494
2052003723 1210
156680006 2754
789148072 23281
425972489 11994
755736595 15446
2111105658 17108
359643281 22316
1420284994 24973
1365898597 2858
1584860092 4620
1611459581 19776
572301754 11078
166759827 13197
1428897779 21819
1184702620 14907
1764228190 5549
1514099633 10925
235816227 8633
1878514671 10624
52339560 1560
1939007002 11949
1270121623 21544
545932707 12420
1468618192 11575
549624393 22309
545375944 14837
1851822919 906
1166477376 18524
66476774 21095
1739082146 11852
574435333 6552
205765508 3987
1027210920 14917
965893329 10588
1037401510 22346
1302963067 647
712495248 16685
410274010 4153
1541469445 14210
1300480508 7728
1878444498 2029
2141527699 10847
51997985 22052
708074715 17491
1727291860 461
242922946 2260
307794717 13439
137626057 21712
1878115963 5923
1880445435 3381
1023322728 6177
99538742 2292
2103739309 1409
122384429 1345
833457057 4128
327022318 23768
87987989 3688
505949047 18149
1306646886 13763
1346888974 22375
1376273600 23922
1124511025 13418
837184412 10345
1266106812 2926
1291552187 24803
1307420437 16200
1753756239 5191
369474471 20067
1283151936 5771
1210595696 8400
46155571 21373
1250567486 20144
1537006795 19332
1545059721 11707
558273098 20470
1470275782 5725
1346952715 8541
1606415461 13040
457867178 9669
1979541605 17505
2133348440 21698
109691922 3819
1633495623 15328
1038320888 19271
1269948385 19962
494823684 3101
881004914 12186
1734276711 13363
1457147950 5924
2035078678 9208
1790793191 22446
1050155361 5685
426175903 9896
494337559 18958
577276987 13189
282448763 21452
1046070825 13736
920909983 22756
110264193 19143
1686224649 17404
1917012331 15446
1560757745 5807
258825028 9179
728177171 17661
1119510917 20277
1012784245 8883
736559234 23146
2142505648 20267
110251336 9588
1197800037 20725
135923520 5398
1874538470 8581
1567908837 6907
823451396 11770
1649462567 11346
314437874 24624
552457950 18221
173071581 13981
2025645627 8367
1110032650 2924
730103692 22695
206708462 3846
824730583 15340
1939288204 5754
1999713554 11609
1616290773 20862
933764554 15845
556878677 16112
461919627 17944
898664977 3759
501765387 8348
1188382029 20028
437366870 19798
1697148002 5313
240640344 4542
1770836425 20905
1928763641 14457
336816438 1958
2018940045 8535
378905860 2561
1882290942 18391
709033324 6044
909967272 9275
49188638 7810
639672107 21497
558673359 10510
719486872 8263
1247976857 11219
1367318233 11176
1172221623 24497
1458568400 24473
1728847821 2768
1002104463 24366
1816913150 18008
900059159 22496
23622792 7048
547837382 21629
540815665 22012
575259070 2155
1477698115 21188
647077875 14957
1615593800 5179
1217009628 21731
851019170 2488
9701385 780
1614460740 13092
1060368355 22427
1702077409 2709
970103564 20880
1972618907 1567
955668005 15246
942090394 4962
1671375817 5881
138242003 24407
429335712 8114
1978576552 5770
1954789668 15624
502242687 19936
291116238 2963
883237407 4239
523073198 749
2119070087 20189
1012469894 14426
754418445 17471
789704862 17810
1995957289 5667
1292815608 15105
1872519826 3834
1411460083 6314
1637856407 18183
76597976 15686
1674852809 3237
14432216 9419
913762869 12525
757860735 7894
402887372 7980
334939897 23231
1659195759 24190
502454346 1037
493214742 12063
873750485 1849
532088351 16213
2019637098 9412
2063913020 10776
2060928451 2198
248523699 2341
1682396205 23029
198549095 13581
245863518 11596
1434800041 23231
1956493892 11884
940076789 13744
2061224900 97
2043172339 14779
1013828833 20876
171631949 10877
2116936232 11656
829818587 21689
151322334 1625
1874206670 16128
706820766 7981
636987543 17634
100622159 630
409071766 15473
43354729 21355
1516000748 13764
52800623 1046
1474688065 11914
405135310 19156
1819628110 216
1993268204 8471
218650364 12803
603231740 23058
1127103028 7002
1002745693 6801
523182795 353
943964357 21983
1562416474 13409
1217720058 16361
1405271324 10011
249490999 17552
212383025 11414
1120881217 23951
1089950657 13793
1278859915 13854
1335153503 3275
1380039952 16447
420849741 16429
1064636190 7851
1821524986 5611
1182418946 10297
202767324 11574
1797952654 445
626838997 7325
1170412354 9474
1169483949 11360
1815873459 13144
1389317076 6092
15999861 24978
1950685649 7520
1681394729 4958
184631290 24250
718238841 1359
1173119143 19917
1148141305 289
1454171407 16523
1110694067 22767
563212823 24013
218666944 15665
823963136 12846
788823223 13439
1528135159 4493
1957760531 18352
134768594 17641
1310128243 1504
1307737765 20789
1545291818 13390
656165710 3704
1499586563 8676
1698298815 3959
382937324 10463
23187357 6241
1168336205 17752
1541644400 8770
1254783607 13213
268627081 21896
1918643115 1221
2088587168 10191
586653966 22813
844233430 13897
720178568 770
1095786694 8376
339819094 2984
250810467 1114
1837635303 8379
1596428768 4765
1072336655 8264
164301851 14274
743985565 10491
823721219 22779
1770587558 11697
1487537753 1765
392363933 10662
1955981810 13209
644841674 3070
1933775755 20108
896026566 9585
1078526624 4030
900332344 1911
176480806 13693
1660521905 22945
990777392 5728
840744083 10339
924000625 24727
509140677 14285
678089343 16284
1391491571 20674
1362280670 15717
1569327650 18588
353139473 8204
1688026242 10114
1066741541 16099
1280486917 20729
338669644 7484
1874723948 5124
2136458714 16208
1791180164 9547
1378930273 5595
19567410 17216
2040029755 18028
1964035866 3821
529911365 5567
592581561 23188
218807113 23068
678942252 14728
1655807382 82
1547150544 21028
284772263 5341
1792384305 23926
1492342161 14917
1505542071 24705
1397942542 5565
25557786 14331
605852251 3239
1781726008 18304
1574164561 22694
613476398 19262
404455165 684
662746558 6876
1276573270 8024
2065078660 16202
643546690 14077
587635003 1817
481668269 17230
1478018800 19325
1504811215 23944
805590754 1822
16020118 22411
1869497989 20179
1427216113 19833
1394654302 12905
1307476034 14786
1398046131 4594
1134686400 16528
2116798777 510
768481941 12729
916678785 15349
730124568 18561
722662192 16721
955191934 18963
642950536 16713
1758079982 4824
1488046077 7583
823848875 5885
1571832348 15102
1679993802 3191
1812575058 22662
1035654079 23161
42760112 4281
1051316938 1419
958124919 17152
1466897543 11878
839269430 10472
1287675887 23853
1887557460 14908
1249498153 6385
1810420004 456
713320981 17630
844627944 15817
1878798419 9802
1312431025 17625
1431627934 18973
748636962 15018
779689261 14100
477847481 4904
283857531 20713
397529821 19178
2058820816 309
383970218 12887
1213084668 4380
392006415 23286
575463978 20934
1963130776 15311
870466901 24682
1168080017 6087
31193313 13394
94647042 4603
1721605612 11345
350077268 20056
291145974 8268
1298756299 3989
545692607 22328
627859097 21350
1777947623 3666
8018062 20023
412380131 2110
293623883 780
995458917 10817
1425079103 2281
1772940534 23030
2115874985 23326
1332557413 17817
672669370 13933
1885830621 6223
1679624655 8719
1470012820 9334
1677368307 16241
1941459516 11779
441600319 11849
888189594 14302
123937961 2830
2065705502 23277
1493803162 20751
116481815 9462
79458834 620
2026584253 8612
1107242430 9347
550056073 12184
1237181675 1502
2031397689 3395
1761100054 14015
253405585 22209
1903286785 6880
1089322557 2693
1590489888 10129
1710303062 20960
2103620158 15014
1860078136 3632
413263376 11656
92685119 3243
129349336 13840
770354799 9180
1382018478 5726
362031484 12709
196669594 16360
247367623 8240
2056994068 21434
644367229 22
210407598 3469
1205462874 3985
1211047149 15945
1690575810 6849
409661224 12036
187353873 16831
1621157680 141
1537792298 17499
765822779 6943
1180016173 960
820572905 8042
1354804523 5213
310735618 7831
1204745931 21113
554206137 23101
821744030 16548
1259493295 11810
1425466761 16523
518864586 17507
454221702 7178
21422460 15251
282137126 6072
404583956 17075
822991743 5072
1141049649 16517
47329572 13004
286249916 4220
985506432 17241
1607339458 22920
1609838287 15713
502511041 7539
2119021557 21757
1891386695 18874
463162779 17524
1697114866 14478
429070300 21239
483862013 16330
293220897 18658
1937305093 24937
1614745852 7468
992404094 5493
1840786036 5084
1652308959 2559
245842182 21800
101443408 21656
1726225681 24686
722880365 4773
2077300436 20660
322696600 6424
524682538 13254
1160342479 15053
651057343 9102
1825728597 9113
843905457 22053
1599823811 10017
565415669 1023
1092396622 7008
1090696683 24303
49374974 464
2008867359 21119
1038870850 22654
633061509 9230
1828075097 3339
2119532074 3931
2013948834 7753
1754465830 789
676439376 15642
276503448 21500
86419775 22813
1174399232 16180
114981421 23468
630668185 16497
1679817162 6967
558195059 5349
1717880957 17339
379033294 10882
379915278 10161
172494352 9473
980760877 2963
1532427504 3859
521064633 20553
312123049 23634
177197860 11656
861251649 16771
1211645923 24449
2012999916 17624
1085400622 1270
319336289 4762
899353019 8236
1379638945 6729
2138766552 6122
188593102 10073
718312485 89
1991910916 8105
947569662 17953
831152108 9835
1951851651 11364
2039927715 16372
1203180020 8876
90867766 15997
1980006615 24997
1362974277 21661
1606151992 23599
109202063 24171
254814742 17168
548708738 3459
619495754 8760
1457289323 22946
585920665 14318
586235352 17360
1623708266 15076
1890221134 21818
1753237392 19840
492712115 16546
1034069556 22822
102591038 7824
1034669866 5020
1102635150 13676
765847976 3497
1571123727 15384
1598016913 4357
1342105136 6186
2044075183 12525
1454250314 10968
1019120291 21893
758851729 12394
528362717 16077
1135990918 3329
1695636593 15070
1805444190 19874
1936896281 22912
1148568570 5998
812336804 8140
2068773781 4345
946823534 12161
1661682869 11366
287450388 10731
690497177 2546
1942415726 9458
819026088 11796
58899288 18798
24772511 17448
568293642 6272
1001545989 11163
1452285021 13279
935452522 13000
1803138743 10522
1859571243 18663
1857765426 17654
1765925112 22677
1160249552 905
1346635111 15896
962902437 5492
1343091904 22412
991660526 6315
1736761716 5403
658252497 6357
805522391 2249
109199767 2244
1865921279 1608
135038447 16790
1546333440 17457
1917289782 11913
1302540177 1258
1582073946 5703
275840265 24085
1624536348 14529
1918435436 18958
215792382 14826
735085450 18171
768515353 22762
1394611472 11803
1822895804 5224
425212123 15772
1217683672 23132
1207040318 11277
1350758656 24167
910928794 10145
1712945502 8799
525232908 9950
958800660 20665
594290034 17272
1982181132 13149
3075913 22034
772286697 19005
461162681 6789
435519009 2232
523507676 13365
939532853 2155
138724819 23938
1012924373 5135
1670906511 5532
824413124 4506
306308046 10258
172341302 8634
384018823 8233
1299191021 3621
958207921 20354
137651428 11898
431306878 13404
763319197 2523
2015966565 18371
1754609583 10560
1519189217 14414
888502611 16115
1364155215 6400
283367289 14185
1366233986 3260
185012186 24601
1854059830 23136
123471751 4414
1527373513 16507
978046343 17583
80475526 3582
1071181377 18433
376023965 15745
868617915 18216
436922065 10565
640840187 2984
757003828 1466
558840702 878
1348035787 20201
968960198 1013
22842256 1402
1429227079 8901
244020182 15033
636397124 9565
945482129 22458
354944830 1678
54002093 4435
479591487 16800
125985625 18568
1672688778 232
490602916 5573
1169535669 4749
141210908 11131
1922635951 8573
1328321393 8251
2133183985 17083
543668284 7473
114362951 20398
154639862 24870
232623489 14429
889331137 19924
1812822001 24115
920791631 11343
372189811 14224
3452324 22347
2038237151 3192
1409759185 8649
406948972 21151
277945543 1158
2142966340 5770
266086684 9314
591584028 3737
1547317919 23163
1888643041 239
1283993930 312
336753142 3924
1305814615 18530
1770432557 22928
830964055 14304
1618981998 10331
982422708 22056
1201808809 1612
483182160 211
89120012 6403
140882877 7369
708884862 11288
1031945240 15625
702650043 20839
1417367634 2984
1807825567 9687
567341217 7228
349017708 15932
609696146 22709
515206802 2896
27987045 21747
198749598 20564
1675213101 7666
219777763 4886
738800702 10896
2001395899 126
1650921477 6450
1239615751 2522
908761713 4090
34846986 19305
1808327019 8490
1072860173 482
380266973 3375
1656634002 5714
283407745 4610
209678027 5777
869096223 13529
725619723 13838
564558305 8788
1438372747 19157
743570747 1287
753181257 16416
429282025 16722
176560233 24703
231250355 15630
1143578299 5617
976594060 6771
667774297 14361
1147444997 3068
306419822 15659
314238313 17846
1222126742 4623
1831145318 9367
361579428 12016
376952922 23721
1446580728 12165
1055133998 24950
394357969 7462
1324435103 6678
404745275 3507
87130004 11812
277774845 9447
526823303 14042
1653748878 19641
1618906742 15742
744658761 16907
814350777 7941
243513683 23436
401614646 7955
2104030902 1101
375685110 10448
1193835191 8596
1108574589 7916
1920587735 10940
593941052 10529
1111768229 12103
163506566 18066
1120497095 8109
1159402710 1250
530772364 18941
1449129281 19989
827921621 4048
790706591 8140
1930217427 14825
524837081 21036
773129773 5135
1754960418 23537
1792532760 13899
66311046 12416
1010768856 24700
1319438789 17777
973526064 14145
20388503 4498
2060020576 10459
475984997 23251
115176961 15624
854296854 727
733430558 2610
1337274131 6807
1947299252 11514
435228006 15987
930072534 16221
244319333 8924
592757826 21904
1211334666 2363
743629392 5897
1926825925 21586
475681268 5741
1759050509 9205
791011113 11356
2061190646 3011
1265753890 13206
1507048486 19996
43141294 15405
1334912416 21626
926177379 16923
1617747069 8624
1561171327 21107
1450519227 11164
282053460 16560
557386574 22046
983239414 20549
1656255496 17102
1940620745 5807
560266619 4409
317158585 18375
405165158 4058
814202970 23004
716712814 20605
1534931281 12337
1360539266 18396
922102676 2683
2081318279 3371
1315812302 6293
1388740817 21354
107105111 14983
2044407562 12340
922100949 21998
643869988 9798
81460081 11285
74185364 9255
2048029795 12600
278116442 18630
1505051040 8737
664887940 12573
1539527682 10221
1951311492 24653
1686403488 5322
475967965 1421
2077671084 6516
1720549970 3747
1961012042 1538
549037368 18663
1322617375 14648
1212987002 1120
1870459465 13685
1422360639 17798
1880930003 1708
1542531832 17312
1341041439 18712
1216719686 21449
837404451 447
944908564 13111
19265895 4074
1550739057 3583
710073174 1211
1194586829 3384
1915798602 16808
991283009 776
1179420184 308
1461557523 23218
1304522572 4328
1474091313 7995
1160424725 20052
635798572 11206
365336963 822
1204350247 17319
983895059 18186
1583123123 1705
1883744331 19366
822913162 19477
202535547 22123
1357596646 10909
812066927 19995
242482900 23520
741979307 3858
978025210 4506
312365354 18753
1876739252 2512
680625136 15786
1124734146 450
1572613334 14297
462822708 20061
1217513573 4767
1574784997 16472
1375663730 22352
874439392 5818
798595925 19136
845234754 11019
370446950 11413
142004624 9149
995643102 5909
863489576 10202
17665158 460
2030083365 7147
1967596975 12261
809074597 24879
1937500673 23529
1748545351 24243
929192417 18080
1638129896 7797
521564015 16235
1925478357 9449
719535913 14388
511899749 3556
85118845 13726
816673589 8218
1833912733 7979
1906968303 24765
977562683 24672
1255726827 18507
1218176702 20349
11492355 13127
644667531 12623
937773460 4206
2119528224 24435
571251060 11999
82304197 6318
877072410 13053
519813086 20230
1060803856 23705
714850549 19547
434898766 9139
393758120 5515
1467336897 14980
901878156 1298
1147700729 24486
457008286 2244
1991610848 18285
1744330536 16331
1829399976 9909
1955305324 10603
2052091441 14328
1386718870 14981
1239089468 12957
2145214086 11074
1952593238 8834
1771154034 19704
886006863 1351
2074132805 1567
749230053 2718
762287334 12740
2038954997 6866
1210917738 22287
1170756745 11012
1739927864 5702
11849970 22703
351700976 2136
174483996 10292
2057466568 13176
1725161191 14082
1005073842 11497
581604885 19432
424877938 10167
1278710234 505
1071238822 9775
46201398 15723
1278988264 14987
1958720392 21323
405814778 5977
708364943 666
1848369047 14477
2085701739 10708
1681455078 79
1412678798 14676
1974510424 5044
830891222 98
1461452514 7511
1768833806 21864
1648028708 18456
24764303 23670
1039977427 12655
1947551387 20560
277429409 16157
67577330 15737
221070986 10913
1814367015 4915
1827493903 18611
923734563 14904
1827534196 5120
1227864168 11964
1895699013 5377
2117882259 7137
2136408931 19214
271346249 2403
218282279 10022
1514817685 8560
1157901041 5677
1672666476 9371
2045538800 13236
1624067737 17692
542331035 1399
934621350 23268
1393593707 17934
1722586836 24670
619080304 1695
1322873652 1767
1933736079 16075
748279509 410
2093407146 8040
1971083311 6197
853442433 16256
358709673 21698
828069781 20186
1541426605 23196
1115859308 21190
1578406474 595
884596446 19412
1986772831 20298
743199592 8640
622235313 12586
1264738238 12999
1809316727 14965
1924252401 6393
1758167581 6901
1772525465 13377
1481725824 1119
112065524 23590
2077045703 12600
1517212887 12483
8833033 11255
1011934691 5002
706702211 4931
1660357792 2205
1691052357 23819
1480846891 12482
1929878235 522
483121599 24339
1875727845 17550
14606342 16490
1501475555 11255
1086296257 19115
1541275142 14842
583044673 7716
569492198 18533
580776459 24570
1518947904 10508
726911081 4071
1999056451 18724
2068828884 6672
37880592 10991
1812784416 8187
1942983169 24727
1080085307 20726
2048401138 22484
1839576558 12793
1588503455 21547
1046776120 2321
752109463 15173
1255550102 12711
653480289 7452
1751772872 13613
1059337337 7478
434837260 2950
1631828436 13189
1451311909 5296
1936853340 13748
331523203 13599
1631768990 18758
527112298 15718
1171674688 4034
192462082 1649
1623516099 1854
2081755316 11757
1073081464 19659
527201263 3104
506705171 16419
1974652445 17208
1341071287 4519
551075326 9260
1182845986 8601
104749098 8088
1045978366 20952
318130090 22610
1630665474 22944
1548171249 18709
282362588 4562
990787062 21737
861264974 21087
547918289 18168
552663676 2933
1849297890 15632
1184014013 22404
2118841880 4905
1052987898 276
1916360244 9768
366411713 8798
1171625528 14854
412319776 18066
1906067786 3187
1477761734 11182
613238494 14994
910842050 18184
1697899314 24499
1070944505 17651
1928660067 15744
1257143628 24057
523707184 16918
1332905745 3606
1781358506 7382
1498418256 17401
559904053 5324
701800556 22732
52826479 12597
1610527685 6400
1857234241 6375
1139125688 11223
696907459 4239
847678416 9524
1723871835 10653
60403684 8269
1004993455 5899
2103556963 2387
2130286627 17439
769191719 2397
1909139424 8541
752804954 3286
1382529292 8755
93506915 8156
998797886 4177
753825764 8875
30828898 9130
1898737636 997
473897313 5484
234002680 11593
388139224 17380
1915649520 19398
1949870241 20107
1816276447 544
1697402785 8275
2033237796 19552
760192062 11254
2082053796 1412
1106854194 19261
1789415212 8754
1483070513 16628
1601366796 16001
1838059581 1021
1501091367 21228
2129454916 1854
1296639435 11241
1648659740 5015
1382939054 16743
1117913363 9307
344511755 13530
622532438 1327
958016723 3690
1200238024 972
819637427 22779
2079379507 18886
2133239411 16997
705777561 6703
1292687004 14480
1549955082 15052
1047571675 7302
473139354 22143
834472618 19591
427452128 16544
2103599367 7074
1393702698 16430
1688144586 13187
1616448003 1643
944134842 15243
28325139 16183
873317133 8430
1994970221 7585
1158569320 22317
343172749 24495
1243009248 19793
640706215 24641
1973037008 1232
1711155050 16322
1012527125 21799
2090539365 8489
1107938617 23647
357004317 2344
1991534298 9506
327734774 14100
63969144 18641
1095853927 9977
116421341 4591
1549160919 17698
86313673 19726
1253571377 17331
1923520084 3287
1080502214 17025
958110103 4205
1311157525 12516
1877011674 12296
655059470 20621
922042334 8366
2096141191 16182
1585146585 12174
552635311 21833
783301561 5140
820112254 6085
984529037 1907
1476924979 21322
1083466788 4407
1250999986 24440
1236535680 22930
1099099223 18865
1589146887 16090
1602698842 14164
1308478872 5556
683049155 17427
34974652 2696
1022314003 16943
1395063928 23367
814710233 22127
1344424036 15370
1770769029 4141
1284654546 7714
1658854056 7173
2093437964 5862
241790022 15861
617720742 1285
755505374 24748
1283812679 19988
1675119701 5343
554506014 16790
887233682 11867
1856376792 19453
366265289 20433
2017809130 17880
1205454190 19324
927295348 20002
1989434981 11558
1165181677 18012
257906387 15397
451881715 14167
283281471 3578
246588216 19947
360448678 3506
121613535 22001
17609365 16554
495263609 12652
1247362824 18643
177054708 16181
1336435468 16651
1315785070 4056
2104218748 1907
276675804 4149
874606414 7012
362814990 13573
368368057 16628
2009949273 9219
576119025 11044
1672534236 660
1978491886 24629
2107482773 14143
572052920 13730
1024087701 3265
492039431 14719
1675720985 8815
2102866853 21123
232112080 10900
1493442144 13181
1376394782 18624
1326205718 22143
2143381736 2067
884144259 20873
1721448410 20718
818942966 23014
1004798832 5221
1443897433 11218
673800287 10456
313144302 104
245516138 16535
1265347831 55
83043058 22014
1570305719 12941
1924446476 8777
145312220 15549
583735850 8748
2019090570 15968
190861744 11598
312976917 10149
721894794 3171
1746715606 14809
1296940371 8439
528431028 5529
1035179104 13450
384902191 11186
1519311977 22426
1575711816 22935
1567035625 4040
1179845229 700
1821828564 9361
1815511125 10436
1171412787 10124
1080742844 6963
43678178 6734
1306969886 16011
1803572907 3555
193094197 17769
931231654 2940
1442105815 17232
268525208 17561
1991437602 15787
295835367 6530
1397365047 15645
1350865741 256
1823136459 6167
1922272387 4804
2020279845 10227
118264211 7695
662845228 15387
239210902 8572
1063636140 10559
669766357 14468
1536527215 12243
1219865492 23806
58717153 7164
1156377418 5377
481027794 17164
278551502 14231
338127383 13586
168821171 6960
1456925764 24625
371343252 5792
1382292507 24845
432123903 3271
1126929410 11732
754378093 22986
644480507 7778
770109118 221
793783409 18451
181989785 19502
10747440 3993
344087397 19179
2079489219 4315
1429110043 10177
608900816 24484
652574658 14550
1073258985 18295
867045197 9774
1232917250 12998
593178296 18216
1930427215 18111
1145868753 7618
722159391 12699
1233716755 11205
794310207 18587
36178469 286
161609856 1383
1155753211 12482
1957859823 15326
1678355510 5777
36046685 3674
253563323 4104
1581636547 24058
244865113 22485
736720794 20868
1481655107 1782
2046914974 6813
1151985572 21849
759794842 4780
593714265 7840
421513907 10399
1310973240 21945
630567814 1101
662725297 6512
716476044 9039
1910829627 21425
101001233 14188
1903161939 24837
489136631 7493
1237863638 2402
1424979343 7317
1076466009 9168
2089319813 8423
1760132901 2133
1209672535 766
2118370125 12370
2131311026 16765
2092781918 24509
1092528817 12473
1185764468 21757
656910758 2745
1584585188 20327
1988882577 23923
1206710066 16074
1983850803 15794
1133381216 311
1577272853 21081
863606342 2750
906963031 8076
1786629749 9705
82322639 11523
467037073 22227
331385932 1999
887119392 6515
1922671244 8826
1720548309 1467
831742484 9740
65370390 16152
837676575 3950
158464501 14500
131928343 9109
561018546 12868
534202454 19814
1910638067 12373
352351310 2876
1085493330 23772
1984775949 7306
229966734 6058
1994166810 8613
641965901 20048
2088555636 20224
771512153 8804
1155227584 19613
49171598 23654
1896957217 22295
1962417619 4408
803633901 7269
183621729 18952
253039217 24924
1007009469 22921
231045370 9220
1491001372 6415
712878432 7089
1274531313 15891
1899322539 579
1109205593 24328
1974667597 13033
1885441646 1430
1367762267 10379
1173705477 13371
143842208 21223
1451177871 6961
1680328871 12020
2066475551 444
1065075767 24612
362266683 5795
826390670 430
1802947967 24998
1358979008 23492
2078531437 21752
1832768006 2432
313121222 15483
1333837263 1188
1893293135 6586
544605032 6016
1815478299 24757
1356166258 5554
969637670 7254
693370227 22917
1065774456 19371
8543832 878
283339230 8725
1441709133 7495
2094628619 23049
886223430 8206
1016789933 8926
1211558117 12695
879823805 23753
916598815 23986
625008479 24833
260712375 5449
1408576738 4963
92790979 10620
1814751870 16667
615936031 21869
1331459013 15901
1212792646 11539
1550487028 18592
31847062 10153
701643687 5842
819264129 10879
1243951182 9102
2101169064 2220
403250907 16321
599252878 45
271423615 8879
1525618175 18525
1715155556 12778
702326717 23115
379858167 18002
1879527524 11573
2081293351 2053
1564845137 2159
539896493 19478
170997560 14980
2053276996 23435
174560982 17205
1061836002 19717
1937641412 3514
139695937 3782
124320439 20382
1659446982 14505
924977048 9367
455153861 21340
1147139254 909
1564638683 6544
741330970 23394
2101151983 22795
1708614905 96
381567411 22431
427438727 11197
6805722 8111
558761919 11420
2129129122 19766
950426705 11525
1247518676 11048
1581687288 24097
465276537 24982
858690799 7629
1668232805 19913
1697559644 22139
1767757132 759
512720847 5873
1145214938 22057
1291250522 7490
1274142053 10102
631152749 11376
1851197912 20901
2134578338 3628
702998128 7792
990079614 15932
2029409917 407
1062741371 8754
496343322 15551
376481324 21774
1832590088 19117
419030767 14008
931641293 21374
1292137499 5829
1204995115 8960
1289006552 3455
941685450 9037
1096370978 5810
1945590446 10056
6398687 21824
163473235 14608
243445000 4392
2119692146 4932
1761579419 1418
1405973010 14599
1034461020 23127
1158878035 16398
1670130082 361
1658378292 10548
340578478 19170
2094139402 7502
333277823 926
1037771228 14332
675384431 12565
910509162 22346
1992203180 21247
751687535 14909
1008706578 21724
463694088 6951
1045855308 7208
417581114 5725
2129640799 13832
1121510321 743
338703407 2842
1138479079 11467
47842165 13488
1127573806 13446
1053740901 21992
714954879 16127
2072880772 15043
1519385397 24155
492435661 22127
1600353960 18836
948330141 13
1428469223 18719
1141324387 3749
669253510 9720
1633431439 8045
1072898942 5309
1980085042 13562
1137095648 24456
826703690 7907
1367945913 5381
1494544040 16343
1496624541 22414
453142970 16893
1947652106 13427
684661039 9325
1988391328 15076
1316634532 4997
959936770 2665
1749718958 13072
1939827385 12463
1843178709 4412
1555006149 13476
2039943065 17150
1531716127 6829
88866307 7715
2078123567 14073
391567005 22237
261723635 13548
962014514 10730
1452519828 207
1338275580 2063
289517649 15036
1486745957 17212
641779868 24754
1858052234 12369
1730144470 11576
1005046288 5063
343478276 15078
652697185 24034
983566714 3261
832959731 5479
62038998 12895
1062268072 12973
1378215037 22824
304998860 5864
1338939524 15117
2137200188 19579
1456408516 24403
983593926 11436
674825586 3123
326616724 1521
667688795 1235
1912361089 5195
401385954 4144
1218955043 1495
1236929518 19220
263441231 5741
1312533927 11797
1189279839 9196
187343628 5936
398904650 19715
29311023 15105
925913970 21289
1224816562 19916
1286665729 5214
357502725 4194
717196081 22214
1718175230 2657
1454521105 12036
124016145 15562
1055496565 11940
972269890 3409
1551525548 13686
1143487964 20324
1311019549 435
1978251225 10766
850503705 17426
211420637 2372
770097668 8092
651648029 18302
1777089145 9404
1862018894 4065
955202309 14098
1071757613 1888
2019414718 8398
1717729495 10112
554303481 10826
1160612718 7534
1021180417 18633
194207002 4222
1619405191 18904
1600141661 7411
1194259696 11689
318216637 17923
696690793 23458
294308233 16081
1240622398 21757
1396080853 29
270321198 7398
1239507083 4546
909097678 15607
1247771387 15396
1835801611 3198
1260287352 23866
41746965 17697
414368913 18591
902283574 22041
716549580 1212
2091556397 1490
1874149704 344
359597978 661
1333839905 7426
1142117465 14571
250395047 11696
359491735 8016
1759414067 20114
1739613042 14974
672079381 19322
2129105052 96
1522258183 9045
1083915562 17283
656012777 19304
663828677 6054
600040734 17910
390833987 21150
1213076723 22548
1307541221 14120
678438062 12912
746775965 18586
50293564 10559
682922425 18706
1940432867 24387
171997073 22732
1321543677 8953
1505933540 4252
1265137376 7411
787141026 2955
1277664414 23197
1759042330 2410
1724146644 21065
713949395 22957
2064741598 9599
1621173093 461
436294817 8250
1636320617 7167
1832023738 13098
2106939911 18235
1075599013 4470
1567789211 5920
83748173 2209
1648523129 4804
1727959966 20830
1074993158 4589
1268511370 23037
1092105418 12524
1456198991 5608
1284941122 6570
120931551 6885
1272994468 5724
1194503310 22611
630373999 13350
1565867062 9362
2070858276 3654
783043663 8386
1868542095 24383
1363864017 11173
1963316386 18702
1075204642 23574
1347846087 19176
762635821 6063
1975887388 14566
1374675699 11521
904198988 21602
54843895 7153
257570840 16607
1850892619 6147
1549809296 10200
278295114 23564
811220324 1764
1921594547 11144
1887877300 17090
825885281 9450
447889805 18099
1956631164 23119
1066993975 15796
222363023 4222
82744715 9795
68322755 19605
479926325 10106
1074442648 4925
1219975594 10782
1106524307 10106
2116118271 24596
1861868094 514
210606691 787
362520277 10371
286072788 15521
1877114379 12525
841232805 7245
21469307 24720
887869571 19523
736918574 16627
1161565322 24229
117405562 17522
592575017 3219
1473063256 11366
239472423 3106
1512562721 7625
303821032 19434
1434962598 15775
959396422 9838
1478161618 1962
783689068 20841
118343367 1775
391394768 14452
1713586021 6362
604413805 11020
1202989481 3664
137380739 16007
542918427 11310
1521195006 19820
1968686546 7535
1887059164 8680
499805509 12797
153040252 14994
947202892 1167
373088374 1952
1857799191 18992
1272234217 24944
1859836966 11563
1457935801 20799
1605089109 8388
952578444 14875
1694222828 4061
1373737754 19228
207095669 5588
809047565 12931
1334164858 20329
1179175090 18963
1879294505 23048
1305139844 3598
632730064 337
950062457 6680
599869327 23870
604917478 4727
1686249629 17236
1680491468 1760
453810667 802
355984838 5148
92827754 12254
421239257 20085
970458372 5328
1304183160 12836
1609425785 13861
122406837 21341
909984443 16000
1399455029 240
925071930 16126
1556520268 3367
710099326 5389
1909255568 1176
1136709416 17571
98465482 16249
1098786796 601
1991553675 7674
1357052232 18959
187398455 21716
859293496 6082
1532061461 18614
106284475 5379
4957295 1757
676109619 15944
2041739035 1406
1878243199 15781
2069298905 12997
640641913 9963
2002958737 10393
1161834917 14231
476714174 3527
2126294540 8645
395564705 3334
33746142 1005
1310511150 9021
1425612831 12081
1558739497 21881
723057748 19357
607773386 12546
259966343 14258
1012164576 2727
743428741 22484
4344160 3171
597303790 4152
1563655642 23009
71740862 12057
1133896772 10220
997144187 16128
851994595 786
1499370759 7885
484552246 4519
725533548 17489
568078234 16508
1139108782 8182
2126987484 1485
1640472971 22152
1730987400 11339
1117940820 4933
435230220 13859
1755270394 15961
1803179788 24667
1504164307 24428
309207186 15543
2123284464 5750
393612075 6121
687069257 15665
1250641602 3676
1442337067 12895
964397744 4502
1727525686 14003
858777681 24322
1305672925 7440
1788487108 5730
1066888126 15085
228851250 5333
598537518 15950
844178638 6966
1618730648 12417
1203522985 4100
688738246 7838
2001525521 22720
1666279261 17367
1357871936 7617
1779696126 19800
933761065 19067
1569501723 6730
162808698 15943
60921739 20701
2020182249 10640
1451335101 2385
1693141194 1482
1169972294 2719
534867526 17179
890435668 23684
1459291122 20431
522633087 13314
388247139 9447
1758147847 2729
1377502712 7577
2111914509 1018
1476729229 2080
1227542820 20959
171129526 11722
1287472063 7968
1796501318 10422
381907814 22834
1636469714 1784
658274211 11691
366488576 14272
456867491 16333
1934665606 23602
2111626696 10048
1120202006 8257
1478074125 6471
1928967716 7594
74347254 10918
1251742613 9331
931910129 19867
706317018 24216
1767084432 6284
899360770 9631
363463544 15723
1210089141 8330
1460310455 19449
1127246854 16412
106684083 10015
586911313 21840
1535305199 24215
2047529505 19249
1344263356 23561
1878400505 18717
608013195 7930
542056089 24074
733664106 15248
1731194293 12185
677085100 24587
466393452 21925
394212101 5355
777986500 18829
1388523520 10430
1662036403 12715
170801952 17377
684727290 867
1574172457 16968
841382929 15719
1953990731 8239
2051022344 18856
540758283 1520
1229831939 9163
687358884 16528
152573460 13164
195975844 15480
292934884 21530
1612741562 7883
1513724821 15540
731030830 1350
1511317589 13798
1519158964 11766
703532481 21472
205970996 2222
450885681 18350
862172337 335
873552616 13826
73677401 17051
115739105 3925
632257263 20457
1376323591 5442
1027681948 24015
988755497 15408
221022982 4131
1498672858 1027
534197550 15537
1291923078 1508
1517752093 21770
2087779885 5469
947953048 17292
428383756 12008
1218034389 887
2112389314 20180
2025667519 22561
1726200520 19768
1345568141 23376
125258957 8519
1425523960 24147
1317082659 14733
740729654 2436
715596164 23967
2079862377 6379
846408887 23553
1567413608 13767
544035949 6162
2127560157 22469
1667538347 17681
1307491647 19114
1062751885 760
2034386447 17870
1957081415 16485
904741599 741
1357177068 6617
1587164509 2756
787474154 18424
570641532 4065
1718296836 1037
1532459634 11762
575975999 22546
1774766832 640
809602131 13502
1353164251 12063
512455547 14152
2064010553 13699
1792760509 6271
1222563727 16272
1558985492 2357
404427141 19193
1486296504 14791
743183211 16548
1392074258 15282
404644255 21455
61312655 12210
1310477962 19617
502467466 3748
445592379 8766
534053971 14646
1980645749 2489
295182408 1621
1570679116 15006
1901554004 10994
785577181 23596
498208056 15379
810040050 22508
1876149957 15225
827990938 3462
2098094368 3199
826828185 14944
801564446 4346
1566174869 3061
619720528 16843
1051169589 15189
223848429 7098
1364146927 6211
244509883 2766
1310101508 731
439766155 18055
484403652 9439
732280247 9229
1657042538 11793
739293122 17895
1713118418 24681
374242770 24189
1365113393 337
781920044 21448
341404154 20019
790677208 17004
1496141510 18836
1831863675 20705
2137392841 18826
985823873 15565
1120081290 1064
1881733922 3733
13718280 4765
1637467923 2130
1616862918 2749
679240460 4467
476960178 4560
1837090497 6339
1474376145 6174
1692240764 24746
121751414 19575
1987275677 17889
1282279591 23433
780588240 5181
1971621485 6474
1762191663 4770
1275879701 6768
225096099 21560
1966539139 17862
1192713969 19678
409100105 12671
2119522753 23049
533665207 16762
1482304103 15634
1635752030 20177
1689438043 6517
95442906 10420
548470570 2792
1692085846 2670
802920188 11071
1763083278 16328
386941269 14898
272926332 21969
1454913376 20062
1502442872 18275
1495196803 12804
1567744121 5331
467613964 1859
1196014158 18494
1215164455 22512
869972565 12481
510683992 5460
1432266913 18325
1840855350 20088
1524586545 21293
569518557 20134
1763905122 14023
1391590064 19032
964052556 5878
237714476 8623
1921701446 15813
653903809 15660
529598342 22607
332165052 5057
205545961 23009
1069526529 14850
1325685130 14217
1706142588 2679
1555582432 8604
2039299153 6927
1243964894 2951
242809953 6397
391773825 5142
1655680265 21970
625642725 6562
238060408 3696
1023673035 12712
1108172147 8586
483178612 20252
1850054210 14171
1947314743 19874
715291664 22943
1983098525 15879
273594424 2278
96638635 11404
58683742 10583
245360675 24053
953995826 21708
1254239858 15707
1000334779 15599
78222403 5355
823123646 15050
1756887907 6611
429937731 23791
1616705502 21005
1183592485 18011
29240295 16646
1453660273 22239
1202724523 2385
309173125 17552
2104701895 5524
1420636988 14066
679518329 2570
647945714 11349
307841893 7582
1580280624 8883
222925421 18641
976043418 4554
775227987 17527
777794278 12765
1738052352 3828
1509961713 21427
784964127 16669
1298903350 11991
2040033336 4880
902319246 7661
983949001 1612
990110621 11389
1334098056 19711
1627745061 11536
198285767 1025
95800346 11133
390442526 14481
550419912 4321
731837686 22962
325445400 13485
375682709 20415
1707915306 19314
2008589585 8414
1847292163 2240
22901865 18201
9356387 11761
1408598550 22062
1765318590 13630
1606029641 19135
1547426468 23185
1410659185 11498
1938286882 8429
371808063 18718
552605327 24748
548842613 10373
613565342 5831
667171674 6164
1673574560 12422
1479194942 13130
509608699 9344
1952883877 5519
245322526 18411
1622986053 20477
322561290 21269
1987356474 16325
1667432822 19921
383205473 5735
1093494509 24799
1920172747 22789
1705625601 81
1536657090 22237
1308434418 16274
828411125 16736
1457380663 19121
577123839 20175
193329089 6749
1236078882 20547
1773875241 15635
2049353282 18062
1153318230 20611
1263763581 10573
1624755840 24923
634707148 1914
1686100054 20854
1801707489 16349
1200957680 368
1857332510 6713
1365366865 22929
1611331266 7433
1901047139 23204
1873609706 4660
2081305320 6673
725100623 7964
1157281663 20376
191601956 7616
634503240 6445
2060522088 17789
1502804853 7785
357228706 3589
234143093 8165
875352183 2492
1145971380 19424
781469430 9597
1879031761 5823
212590506 884
993748428 6922
1675813246 7514
223337585 20686
536487316 4465
1225095798 124
641265355 23074
216463237 3177
1864850670 24054
1052048111 6425
2022908938 13102
498381812 18386
1034005501 9777
208754002 22371
739814433 24311
569842570 5861
390808778 21948
2144507111 21652
941400353 14070
1470514817 19156
2116701812 7178
1288262107 19838
1522113271 4515
1782393495 9388
961131751 18305
157752707 17037
1999380924 20723
946850202 4563
536289998 7725
226361604 14569
15570794 5644
1687739879 11441
763023132 7403
2145570323 5518
884475156 8541
265462669 13045
594757874 3793
1048393334 20506
1481404017 10575
697866317 24831
863217236 11363
706827455 19332
395497088 10344
1496625821 10106
458449366 17046
386275451 15640
1305996593 22482
571617571 17659
113175381 7893
1204787533 17214
1047601214 11885
1903697724 13972
731182001 4333
548895379 15585
848421743 12142
569008994 16662
1743160729 5970
435337206 18343
1526358216 4065
868625936 23709
900952887 11906
754174063 11806
306264223 13166
1761700334 18793
1405238510 10914
1419888012 24397
1397540382 16580
667601491 22706
449514481 22789
453983379 4812
147489555 17837
1322390084 7055
1350984035 23857
259426979 9522
2121175657 6151
160732768 23656
349160592 5100
1000596494 6480
1488703539 15147
1946658026 17459
1819989635 179
2010703623 18482
627313161 22019
112648199 1250
2058661902 18818
1183680229 7738
1034731860 24541
507645945 24419
1438803080 7193
50844365 22931
793331432 16688
398865148 8895
412410453 12791
2093440370 4310
2061752073 5805
340463909 19525
1827240553 10162
1636593829 18704
577061008 22754
1950145223 16603
1728030303 10659
469680075 626
455516547 10446
1305149839 11836
201870872 15435
1713962543 16198
1101195454 1404
2116622645 5814
314236606 22064
289383548 3259
2071091985 4914
132674180 15043
1525617742 2210
656445889 23593
1669495906 4640
888505091 4551
1568167617 7871
1767909901 5023
1580402147 8944
2586325 1166
2047958533 15234
1781880100 16422
1364289795 3756
778785933 1803
28251110 21873
1168829465 19100
15861264 2774
12016612 12930
1199709198 6260
1522913574 5117
1318523441 20999
427466273 6096
811837116 1984
1348648634 24720
1678423417 14685
376787894 15820
1523804675 6097
940212821 2930
1455925418 5524
455520693 867
322295487 4923
1708351746 23302
666234808 3560
1764631886 6951
879950454 14006
485013292 9615
1963047082 14219
469488077 13160
1558382702 9733
1837544169 21530
563366669 23471
287914821 2651
1482414955 6054
1416374934 22217
1499822297 825
594265990 8741
133735273 14804
1874498888 12083
2133424332 17969
770544083 18738
1575504561 8782
227313535 6306
1621554998 12105
1830775723 24001
1933502618 19082
2041704573 2374
2117910541 4922
857449582 210
566661443 12733
915830869 6159
1695137711 5095
12613639 5312
816360746 7415
1469461839 9092
445437424 15721
223075153 21475
1036591183 21900
872603586 9000
926159452 18657
1305880999 842
636598776 22479
1773109446 24325
1883219989 3188
2006420406 14324
1961769907 24190
2023925564 18320
1061900514 21680
1663940840 9532
1901888584 18369
2004670373 22531
1025609211 2180
2055740885 9717
555829306 10415
616746396 5564
525703013 7911
1286966892 24450
545899627 4338
186730208 2147
127230473 19731
141340770 14594
1092257406 21456
491450997 817
539993503 13731
1870684007 15420
1012433178 1859
886025521 19588
1943686011 20420
1523977845 20301
1161177699 2756
1929039217 5589
630215378 13146
541968949 5567
263865919 10517
1518440923 1490
1531515707 653
204843297 7403
1723243413 10353
1004862847 19158
481842993 12679
615309152 18369
1536616990 19943
1062471533 6676
810962591 17383
544550675 22519
1814819548 20177
751924961 8821
66704601 821
1900335602 17682
533730264 2639
1171237139 23774
1855992797 41
772399955 3598
1506182014 16086
1386076030 12857
1733875630 749
1003744977 9105
895243206 20714
361234518 18300
1297573139 7138
1293166981 10
98135041 22261
283380848 19149
1287516190 6151
633936807 16952
205384646 1057
1194764222 23018
1447302557 24991
641056767 16975
668418846 11510
1872459901 17332
1915021434 20942
776417181 19237
995582929 9845
475054146 1996
675310332 24141
181058611 16560
965424089 808
689801196 17280
1415214251 16073
471071568 20298
195938944 3349
1340721475 11503
813985274 14521
640538756 10766
1946721800 19108
1937577292 21390
114910699 12092
514683927 15882
798183197 16765
1425371955 17018
11307327 18142
1155863745 16934
1152711556 13689
1886301491 22081
1119718242 18946
1394397400 18782
948017222 19122
253802982 19304
1206759072 5355
1278229102 19996
330258674 14091
1182227023 1400
1485911750 19875
1259094584 24392
1475431197 12385
441721064 16023
1619623798 23821
599531561 15383
927352410 9348
199445765 756
1375124131 11246
450780926 22599
1707363641 12879
1040198114 200
547220463 20688
501826978 10010
152214450 4830
1851739033 15494
1237076896 9682
118642628 11517
1509143410 22692
1717134461 5170
928985914 11918
1836459854 7093
875350792 12738
1808364586 6988
1275806512 7363
516318922 23831
784059446 1756
133931827 6867
616699576 17204
85758489 355
1119350116 14724
827224653 13671
514504287 20111
1560943920 12552
1811129173 972
1809152668 5110
474223790 24683
176281575 14792
1100948495 7814
908735201 21572
1008113633 2258
669101737 7844
950660014 12199
195684731 14222
356190605 1026
109812636 8885
1161129370 2389
132199825 1949
1204985407 9910
921879205 2905
719135062 18929
695575452 20410
2114533581 3576
892699691 2216
454666565 15594
1070406251 18461
11215276 16959
920016828 4526
80541214 3956
97259267 13684
1237648957 15463
1729149720 7690
1505938543 6316
797066036 15985
278660974 10118
1585739096 20115
1631186686 556
1744661950 23724
403714209 19219
16745831 1202
2024565131 3602
1230896536 6460
1453770642 5008
447450897 14699
2031758550 18947
1917097829 10026
341938838 2944
1871101329 20629
1680097619 22572
313437502 9843
1461602565 21189
1442669540 24443
1061757613 9773
1205814664 15815
1487104392 2972
2045627163 7594
1390007014 10099
169180483 12011
757371642 17189
159347656 19126
1830545357 14358
1049249533 16343
341597432 6238
868526495 15460
161380038 16529
1722919275 12167
1640744497 22687
1115387618 6397
1021684880 2286
2120622424 2601
1643378447 15241
146487668 3257
1047567193 4690
1472222778 8705
1701370038 3425
1636996368 18197
2121896947 22569
1042307886 19028
2019806202 17501
1617475695 14529
1141233878 4827
228611920 24661
301219201 21284
698164923 22146
840691634 23500
2085315811 1383
183164260 11672
1913036727 13600
162565827 19615
324745775 13911
692775886 2471
1206002165 24071
200915345 15110
818610870 17394
2029422402 14169
391708386 5769
833630574 18921
708150344 2754
34668108 23735
528697396 18868
1802238296 21080
546342060 19379
1505203101 11095
1710107418 9283
1359130272 8273
199540893 17138
686061270 7954
1657734051 8553
1852121672 15766
1219664698 12627
1343056877 3475
1854462952 18859
136700797 1542
1345568223 20978
208707990 20205
681123070 16785
149778345 24080
1257458166 1090
940196612 1817
1729726424 15867
27455451 82
2132044189 21889
923230629 21471
696520080 12485
493935463 9199
1916270372 16666
2016241839 12131
754340925 2027
1968844866 7195
2053337159 15132
1070420583 2031
478184774 10917
712991187 16407
779005643 24985
591479972 4293
482257504 20622
1080771318 11873
362928380 12767
1800645883 20022
953026601 2244
1707558624 20010
668461869 6687
1526367901 10927
1419772349 17764
1887928063 22589
1393867251 14812
349805064 16853
1096135741 23481
1615427189 15344
1388936297 24599
41292773 20510
1290984511 7532
779378620 513
948033219 7184
336212190 13755
313559499 23775
2130520671 3067
1679468764 20086
1848202200 12107
90861295 22158
149599709 7873
889285656 16560
1286332104 10629
219932838 24497
243360684 1923
1841690180 12797
570817032 12620
1438712571 21049
1036979129 8963
141666711 4136
1327977559 12654
2031387874 14492
999780939 12157
912753625 21189
999838080 24582
990027582 14038
1668720510 14068
2085575362 8912
1684517397 14552
1548944906 13662
2141624595 2690
1026840889 24407
729173160 10662
1585017711 23200
354252136 15172
1654304730 12268
764071365 24697
1004378076 7452
1115563911 5885
1775325516 6791
19990139 8756
541295411 9323
1470373066 11097
2027895023 1300
2070468530 21298
1445105578 3927
229697539 7002
1121900001 11396
507930996 10018
1598745344 17025
1463442853 22674
228116974 10386
1871064969 20683
1396945993 8235
649577768 8016
1714344867 24009
947667074 18451
889455464 5355
774500573 1230
995977355 9118
323566219 18317
1534100994 16978
985514282 6543
351290086 23670
1831794099 641
1909589070 17213
1137135455 9287
1461626654 10135
311498675 12563
1511109632 10361
1349685729 16435
2000136891 13840
1320049621 11087
1357985088 6857
1589454641 16360
33908305 11898
1284506551 24250
146970452 12464
1491469555 23024
804862972 14901
1445795443 9301
1031435486 15434
1772788013 17030
1726087822 18899
1332430114 3471
1461882 13543
1506374226 11144
981590620 12766
892059054 19267
1876096442 5985
260445241 24022
1876505081 17078
1895260010 10830
1714081342 12635
1170501280 8281
1993629832 24729
1794261047 8385
427056525 15637
2137748031 9675
1778971250 18472
1295322472 4103
1966123414 18003
586558517 6234
1771460077 13752
1781261865 549
1280705809 12524
989599075 20412
1305793664 13785
771331282 20044
1148253594 16872
1287739116 18867
450683034 8037
1784570212 21315
713579738 5362
1930707072 8619
922130323 15137
1565086530 17437
24147971 19320
100913605 1140
389424060 2026
1648403326 15424
1390864400 19537
319251050 5831
794337487 5525
409751584 12689
526319438 14055
1118454023 10799
291410302 302
248385613 1328
119750766 23611
1711723898 1014
636198613 23555
1820341470 10319
1944876571 4540
1664371994 9971
1414179127 23015
1150713880 19225
270792589 22176
786085844 14270
974644434 21550
651975245 6986
117827660 13533
1786752569 4786
1715603583 565
2145149229 19052
837588066 4675
884529253 9430
490450477 24059
357146326 5137
1537903263 12496
844775706 19789
1002655413 22926
1256227169 23493
1535967231 9881
10846905 13748
852430159 22355
1333861655 9780
1869341444 2174
523293439 15999
1687043817 14818
1090019021 3080
430618040 18841
1333084062 2244
1899911108 5881
771659863 9923
2057998651 20821
1142390741 19290
2070621029 11563
418269179 3174
1094570189 20245
660142610 17467
1726309039 22939
1408936264 5874
1341435390 18214
185693536 8756
412441814 11736
941318761 8146
10564906 15160
719995696 17549
1446000199 13539
982419736 7288
1925895275 14994
2006598474 22827
788682827 16262
1863418016 8485
1101007606 23978
1976481093 17747
1105717950 3894
1027756952 18528
1932016016 1319
1737079555 1508
1703392077 8811
112436804 22199
545192431 18894
283852974 2731
255789585 16911
1195166843 19493
256381080 2376
478886342 19387
607853410 2713
1562165144 17515
675403581 7742
1001404652 23853
249138687 15656
252629537 18630
784586192 16399
1206187066 6366
662670492 21867
1664630501 4740
892491546 19465
1046391144 24269
2050561136 20491
1799174714 23250
460254516 4667
82232916 11951
775089653 12496
444355063 2324
1771914552 4255
1963725545 6077
1865381605 20707
2092584561 12570
1210688758 13870
92075545 21351
980972113 11973
1529995949 23910
2091505576 10474
2093771253 23514
966747486 3491
592166301 11133
679655413 1582
1456481301 12349
2100210399 14026
408076731 7030
2034913572 10164
499849237 6641
278408984 8492
1779874309 22471
1503066958 13113
1000371593 1385
180951185 15404
1046709872 22581
1158875403 14535
1606945033 10574
753925792 4381
1346254748 282
34350405 7728
1362148688 6328
552662793 22610
1564861528 20955
1653085184 18052
475528278 14256
1015425213 12334
104086560 6548
100920731 1918
1735847052 8726
906803601 14741
1659986269 13955
2027448892 6212
2106758263 14405
935253482 13125
1342713203 10441
1657064914 9797
913858203 813
1413520563 7972
1599458257 6348
1734859601 22655
1964723991 919
1405255952 3271
794184317 23666
1847501872 7769
193440805 6489
1109689254 13759
998927961 19833
1707775462 1985
1111282957 8062
1809442695 7233
837621762 17513
1915527889 13491
